0	00
1	01
2	02
3	03
4	04
5	05
6	06
7	07
8	08
9	09
10	0a
11	0b
12	0c
13	0d
14	0e
15	0f
16	10
17	11
18	12
19	13
20	14
21	15
22	16
23	17
24	18
25	19
26	1a
27	1b
28	1c
29	1d
30	1e
31	1f
32	20
33	21
34	22
35	23
36	24
37	25
38	26
39	27
40	28
41	29
42	2a
43	2b
44	2c
45	2d
46	2e
47	2f
48	30
49	31
50	32
51	33
52	34
53	35
54	36
55	37
56	38
57	39
58	3a
59	3b
60	3c
61	3d
62	3e
63	3f
64	40
65	41
66	42
67	43
68	44
69	45
70	46
71	47
72	48
73	49
74	4a
75	4b
76	4c
77	4d
78	4e
79	4f
80	50
81	51
82	52
83	53
84	54
85	55
86	56
87	57
88	58
89	59
90	5a
91	5b
92	5c
93	5d
94	5e
95	5f
96	60
97	61
98	62
99	63
100	64
101	65
102	66
103	67
104	68
105	69
106	6a
107	6b
108	6c
109	6d
110	6e
111	6f
112	70
113	71
114	72
115	73
116	74
117	75
118	76
119	77
120	78
121	79
122	7a
123	7b
124	7c
125	7d
126	7e
127	7f
128	80
129	81
130	82
131	83
132	84
133	85
134	86
135	87
136	88
137	89
138	8a
139	8b
140	8c
141	8d
142	8e
143	8f
144	90
145	91
146	92
147	93
148	94
149	95
150	96
151	97
152	98
153	99
154	9a
155	9b
156	9c
157	9d
158	9e
159	9f
160	a0
161	a1
162	a2
163	a3
164	a4
165	a5
166	a6
167	a7
168	a8
169	a9
170	aa
171	ab
172	ac
173	ad
174	ae
175	af
176	b0
177	b1
178	b2
179	b3
180	b4
181	b5
182	b6
183	b7
184	b8
185	b9
186	ba
187	bb
188	bc
189	bd
190	be
191	bf
192	c0
193	c1
194	c2
195	c3
196	c4
197	c5
198	c6
199	c7
200	c8
201	c9
202	ca
203	cb
204	cc
205	cd
206	ce
207	cf
208	d0
209	d1
210	d2
211	d3
212	d4
213	d5
214	d6
215	d7
216	d8
217	d9
218	da
219	db
220	dc
221	dd
222	de
223	df
224	e0
225	e1
226	e2
227	e3
228	e4
229	e5
230	e6
231	e7
232	e8
233	e9
234	ea
235	eb
236	ec
237	ed
238	ee
239	ef
240	f0
241	f1
242	f2
243	f3
244	f4
245	f5
246	f6
247	f7
248	f8
249	f9
250	fa
251	fb
252	fc
253	fd
254	fe
255	ff
256	3c7c656e646f66746578747c3e
258	2074
259	6865
260	2061
261	2073
262	2077
263	20746865
264	6e64
265	6564
266	2062
267	20746f
268	20616e64
269	2068
270	2066
271	2054
272	696e
273	207761
274	6974
275	7265
276	6f75
277	206c
278	2064
279	2063
280	2070
281	6179
282	20776173
283	206d
284	6572
285	20546865
286	6f6d
287	206865
288	6973
289	206e
290	696d
291	6172
292	6f6e
293	207361
294	6c6c
295	6964
296	206861
297	2067
298	6174
299	2053
300	696e67
301	6f74
302	656e
303	616e
304	6c65
305	6f72
306	6972
307	616d
308	2048
309	6574
310	206974
311	207468
312	6967
313	2054686579
314	20706c
315	204865
316	20696e
317	696c
318	2022
319	6f77
320	766572
321	7269
322	2075
323	20706c6179
324	7574
325	697468
326	2073616964
327	20646179
328	2077697468
329	206265
330	7070
331	4f6e
332	206f
333	2079
334	6b6564
335	6f6f
336	2072
337	20686572
338	6365
339	2054696d
340	6c64
341	20686973
342	2049
343	0d0a
344	20536865
345	207374
346	6b65
347	2065
348	20626967
349	6e74
350	636b
351	76657279
352	7374
353	20796f75
354	7665
355	656e64
356	2068617070
357	756e
358	616c6c
359	206f6e
360	7269656e64
361	20667269656e64
362	2074686579
363	696c79
364	204c
365	207765
366	20686164
367	206e6f74
368	207570
369	686572
370	2077616e74
371	206c69
372	697474
373	206f66
374	6164
375	20646f
376	2042
377	7365
378	206861707079
379	656e74
380	2076657279
381	20736177
382	4f6e65
383	204d
384	6573
385	2773
386	6f756c64
387	2074686174
388	6974746c65
389	20666f72
390	206c6974746c65
391	206d6f6d
392	20736f
393	207368
394	20736865
395	696d65
396	206e616d
397	6368
398	2074696d65
399	206b
400	206e65
401	6f756e64
402	207468657265
403	2e22
404	206e616d6564
405	20626f
406	20736d
407	2077616e746564
408	2077657265
409	204c696c79
410	697264
411	6f7574
412	20667269656e6473
413	766564
414	20627574
415	20546f6d
416	546865
417	2122
418	6874
419	2062697264
420	656c
421	20616e
422	616b65
423	616c
424	20746f6f
425	4f6e6365
426	6f6d65
427	696465
428	2077656e74
429	207768
430	6c70
431	20616c6c
432	204974
433	2068656c70
434	7567
435	7565
436	2075706f6e
437	206c6f6f
438	206973
439	2041
440	206c6f
441	746572
442	7279
443	20746f79
444	6f7265
445	696e64
446	676574
447	2066756e
448	696c6c
449	206173
450	616d65
451	676574686572
452	206a
453	206174
454	7261
455	20646964
456	20636174
457	207265
458	20746f676574686572
459	7572
460	61636b
461	207365
462	20747265
463	6c79
464	20646f67
465	6f6f64
466	2062616c6c
467	20636f756c64
468	746564
469	2063616e
470	6963
471	20676972
472	617264
473	206769726c
474	207468656972
475	61726b
476	20706c61796564
477	6d79
478	6563
479	2068696d
480	776179
481	20726f
482	3f22
483	20676f
484	686564
485	206b6e
486	206c65
487	206f7574
488	206672
489	61696e
490	68656e
491	2774
492	756d
493	20617265
494	20736164
495	20626f79
496	207468656d
497	6178
498	2074726565
499	756c
500	6f7567
501	6f74686572
502	206c6f766564
503	2068617665
504	206c6f6f6b6564
505	20636c
506	20666f756e64
507	206d616e
508	2073746172
509	207370
510	6f6e65
511	207363
512	6f776e
513	206261636b
514	20537565
515	68696e67
516	204d6178
517	20626563
518	617265
519	73696465
520	206c696b65
521	206d65
522	66756c
523	6f6e67
524	207061726b
525	20776f756c64
526	6f70
527	206c696b6564
528	69676874
529	206661
530	726f756e64
531	204f6e65
532	656c74
533	20636172
534	206d616b65
535	20427574
536	656c6c
537	2066656c74
538	206c61
539	2057
540	2053616d
541	2061736b6564
542	6f6d6574
543	696365
544	61726564
545	2073746172746564
546	596f75
547	206e6577
548	2063616d65
549	6f75676874
550	20736565
551	6167
552	206e6f
553	20616c
554	6f757365
555	696c6564
556	2042656e
557	206f74686572
558	206167
559	706f74
560	20676f6f64
561	6f62
562	20736d616c6c
563	200d
564	20736f6d6574
565	206272
566	7373
567	616465
568	20736d696c6564
569	72696564
570	696e6773
571	20736179
572	0d0a0d
573	2066696e64
574	20776f72
575	2066726f6d
576	2053706f74
577	2061776179
578	2074686f75676874
579	206578
580	206d616465
581	7479
582	20706c6179696e67
583	20736f6d657468696e67
584	656e6564
585	2077686174
586	20686f6d65
587	20636f
588	2077616c
589	206d75
590	206576657279
591	20707574
592	6961
593	616368
594	7563
595	2046
596	6965
597	2072616e
598	696c65
599	6f6f6b
600	20646f776e
601	20616761696e
602	6464
603	61726e
604	20746f7973
605	6e79
606	617665
607	6b696e67
608	20746f6f6b
609	204a
610	207072
611	20736361726564
612	20736f6d65
613	206c617567
614	6162
615	20666c
616	20686f757365
617	6966
618	2061726f756e64
619	207377
620	20626f78
621	757265
622	206c6561726e
623	726574
624	206c69766564
625	697368
626	6f7564
627	6570
628	6577
629	207468696e6773
630	2073756e
631	69636b
632	207468656e
633	20626c
634	2077696c6c
635	20796f7572
636	20596f75
637	75636b
638	206d79
639	207768656e
640	70706564
641	6173
642	206162
643	2c22
644	20676574
645	7573
646	54696d
647	616e6b
648	6170
649	5468
650	756379
651	6f7468
652	206c6f74
653	206368
654	204d6961
655	756d70
656	207472696564
657	697374
658	2077686f
659	206665
660	206b6e6f77
661	20676f74
662	757374
663	69746564
664	20696e74
665	20726564
666	2061626f7574
667	616c6c79
668	6e646572
669	206b6e6577
670	206d616e79
671	2070726574
672	2073617973
673	697665
674	20646563
675	20616e79
676	6175
677	4c696c79
678	2044
679	616365
680	6f7573
681	697365
682	66746572
683	61757365
684	7175
685	20706963
686	2062657374
687	206f70
688	2063617265
689	206d6f7265
690	204c756379
691	20626563616d65
692	77617973
693	e282
694	e282ac
695	c3a2
696	2062656361757365
697	20426f62
698	20706f
699	697465
700	206c6561726e6564
701	206c6f6f6b
702	6665
703	20616c77617973
704	206f757473696465
705	20687567
706	20696e746f
707	20657863
708	20756e
709	207761746572
710	20536f
711	20626f7468
712	69646564
713	2073686f77
714	206c617567686564
715	20656174
716	2076
717	20726f6f6d
718	20677265
719	616e74
720	2064656369646564
721	20686f
722	207065
723	657273
724	756464
725	757270
726	2045
727	20416e64
728	204d6f6d
729	6e6e
730	206c6f6e67
731	2072756e
732	206a756d70
733	206e696365
734	596573
735	206f6e65
736	2066617374
737	206b65
738	2074686973
739	2065786369746564
740	20736b
741	206665656c
742	206d6f
743	20746f6c64
744	20646164
745	546f6d
746	54686579
747	20696e73696465
748	6f7572
749	6c6577
750	20616d
751	20707265747479
752	756c6c
753	207472
754	696e79
755	2074616b65
756	20726f636b
757	20736f72
758	75727072
759	20736c
760	2065616368
761	6e6e61
762	207375727072
763	2067617665
764	696e6b
765	20677261
766	206d756368
767	20686f77
768	5768
769	20737472
770	696d616c
771	20616e696d616c
772	207468616e
773	726f
774	20746f77
775	206c6574
776	20756e646572
777	427574
778	206e656564
779	206f6c64
780	617261
781	676564
782	76656e
783	206f72
784	20736f727279
785	6f67
786	2077616c6b6564
787	6666
788	657373
789	43616e
790	6765
791	207461
792	20636c65
793	69736564
794	2068616e64
795	616e64
796	6674
797	757274
798	206b696e64
799	20636c6f
800	75726e
801	207465
802	2066697368
803	20486973
804	20776174
805	20416d79
806	76696e67
807	20686967
808	617365
809	20616e696d616c73
810	20666c6f77
811	706c
812	207573
813	20696465
814	20736e
815	206a757374
816	2068617070656e6564
817	68657265
818	63686564
819	205765
820	20747279
821	20736b79
822	20666f6f64
823	206e656172
824	2069646561
825	206c697374
826	726f6d
827	20656e
828	206469646e
829	61626c65
830	206669
831	20626574
832	6578
833	696e65
834	677279
835	20666c6577
836	20697473
837	656369
838	2064616e
839	207368617265
840	7265616d
841	2063616b65
842	206966
843	20626574746572
844	5468616e6b
845	206361726566756c
846	207370656369
847	617465
848	207370656369616c
849	2073746f72
850	206865617264
851	706563
852	2077696e64
853	6d6f7265
854	20616e796d6f7265
855	207477
856	2062656172
857	205468
858	6c66
859	206c6f7473
860	4d6f6d
861	756464656e
862	206e65766572
863	206772
864	20666f
865	20646f6e
866	696f6e
867	626572
868	20636c65616e
869	206275
870	205468656e
871	2074616c
872	20636f6d
873	6f706c65
874	2068617264
875	20656e64
876	206279
877	20666f7265
878	20627567
879	6f7274
880	20666c79
881	756464656e6c79
882	756666
883	726d
884	206d6167
885	2066616d
886	206f766572
887	204576657279
888	207475726e
889	616479
890	206166746572
891	20416e6e61
892	206576656e
893	696d62
894	206c6f7665
895	0d0a0d0a0d
896	20636c696d62
897	20626164
898	2068696768
899	2070656f706c65
900	20636f6c
901	6262
902	207368696e79
903	2070726f7564
904	706563746564
905	2073616665
906	20646f6f72
907	20636f6d65
908	20676c
909	206f70656e6564
910	2067726f756e64
911	4173
912	20636865
913	2068757274
914	616b
915	207069636b6564
916	206c6f7564
917	204b
918	276d
919	20737572707269736564
920	6578706563746564
921	20756e6578706563746564
922	2067697665
923	4c6574
924	206375
925	207468616e6b6564
926	20626c7565
927	205768656e
928	20776179
929	756d6d79
930	617264656e
931	2067617264656e
932	2065766572
933	20666172
934	2046726f6d
935	2050
936	6f756768
937	696c64
938	2063616c6c
939	20636f6c6f72
940	20486572
941	20626f6f6b
942	207374696c6c
943	69747479
944	20706c616365
945	2066616d696c79
946	20687567676564
947	20696d
948	6b6179
949	206d61676963
950	20706172
951	20756e74
952	75666679
953	4e6f
954	6f6f6c
955	697a
956	2053617261
957	20496e
958	206f6666
959	20736d696c65
960	74757265
961	2077616c6b
962	6970
963	206b6964
964	207061
965	686573
966	20756e74696c
967	206a756d706564
968	206d61
969	616765
970	2073686f756c64
971	656d
972	6374
973	20666f72657374
974	207175
975	207374726f6e67
976	20617070
977	616e65
978	2073746f
979	206e6f77
980	20737469636b
981	20737175
982	6479
983	206772656174
984	2062726f
985	6c75666679
986	756e6e79
987	7874
988	206e657874
989	2073746179
990	2053616c6c79
991	617574
992	2068617070696c79
993	20647261
994	20626f6174
995	696573
996	2068656c706564
997	20686174
998	20627261
999	6c65617365
1000	206a6f
1001	6e696e67
1002	6c6573
1003	206265617574
1004	2066726f67
1005	6f6f6e
1006	206b696473
1007	2073686f776564
1008	2073746f7279
1009	2070696374757265
1010	20636c6f73
1011	206c697374656e
1012	206d6574
1013	4e6f77
1014	2063616c6c6564
1015	207768696c65
1016	20747261
1017	6966756c
1018	206f70656e
1019	2062656175746966756c
1020	7468
1021	7074
1022	20746f776e
1023	206d6f72
1024	20466c75666679
1025	204b69747479
1026	2072656d
1027	2073746f70706564
1028	4974
1029	20736f6674
1030	20696d70
1031	72656c
1032	2043
1033	626974
1034	5768656e
1035	2065766572796f6e65
1036	2079756d6d79
1037	617279
1038	6162626974
1039	206265696e67
1040	207761746368
1041	676572
1042	206361
1043	4865
1044	206164
1045	207261696e
1046	20726162626974
1047	20636f756c646e
1048	6279
1049	20646f6c6c
1050	204c6574
1051	72657373
1052	2074687265
1053	20616e677279
1054	76656e74
1055	206c6f7374
1056	2067616d65
1057	64646564
1058	6973686564
1059	20617465
1060	20747275636b
1061	206465
1062	206272617665
1063	20776f
1064	206c65617665
1065	20666c6f77657273
1066	6265
1067	206d6f757365
1068	207761726d
1069	2066616365
1070	2066656c6c
1071	6f776c
1072	697373
1073	206b656570
1074	20636f6f6b
1075	6f636b
1076	2052
1077	666f7265
1078	205768
1079	696c6c79
1080	2074776f
1081	20736c696465
1082	54686174
1083	20677265656e
1084	207768657265
1085	20707573
1086	20637279
1087	206e6f64646564
1088	20666978
1089	736f
1090	20736174
1091	206e6f697365
1092	67616e
1093	73656c66
1094	e282acc2
1095	69726564
1096	20616c736f
1097	e282acc29d
1098	20736f6f6e
1099	20686176696e67
1100	c593
1101	20626564
1102	646179
1103	4869
1104	656172
1105	2062756e6e79
1106	206b657074
1107	2066696e
1108	697272656c
1109	206265666f7265
1110	57686174
1111	207061696e
1112	2079656c6c
1113	20686f6c65
1114	206361746368
1115	2068656172
1116	206d6f6d6d79
1117	5468656e
1118	4c6f6f6b
1119	626c65
1120	20737175697272656c
1121	2068616e6473
1122	69727374
1123	756368
1124	617a
1125	206578706c
1126	2075736564
1127	2073746f7265
1128	20746872
1129	20637261
1130	2066756e6e79
1131	207469726564
1132	204e6f77
1133	20757365
1134	206579
1135	20627265
1136	656574
1137	42656e
1138	2073696e67
1139	20c3a2
1140	20666176
1141	6f79
1142	616e6765
1143	2077616974
1144	206c6f6f6b696e67
1145	206b6974
1146	206269726473
1147	20676f696e67
1148	6c6564
1149	206d65616e
1150	7468696e67
1151	20646966
1152	75676874
1153	6c656570
1154	61796265
1155	20706f6e64
1156	2068656164
1157	6f68
1158	2073756e6e79
1159	207061727479
1160	656d626572
1161	2043616e
1162	20696365
1163	20776f726b
1164	206f7572
1165	20747269
1166	6368656e
1167	206b69746368656e
1168	20666c6f
1169	2070756c6c
1170	20776f726b6564
1171	616972
1172	20627573
1173	207772
1174	7a79
1175	6f726e
1176	6f686e
1177	20446f
1178	207468696e6b
1179	20686173
1180	5765
1181	2073616e64
1182	206661766f72
1183	206f7468657273
1184	206661766f72697465
1185	206f6b6179
1186	207265616c
1187	20626568
1188	756974
1189	74696e67
1190	2065796573
1191	206d6f72616c
1192	6c6c6f77
1193	6163
1194	617468
1195	206d6f6e
1196	207a
1197	6e67
1198	20736861726564
1199	206472
1200	2061677265
1201	20706965
1202	696f7573
1203	656c6c6f
1204	48656c6c6f
1205	2072656d656d626572
1206	20766f
1207	6a6f79
1208	2061736b
1209	2074616c6b
1210	2079617264
1211	20736f756e64
1212	6d61
1213	206d657373
1214	20696d706f7274
1215	20636f6e
1216	2063757269
1217	696d6573
1218	20626c6f636b
1219	6c6c79
1220	20666c6f776572
1221	20616476656e74
1222	207269676874
1223	2047
1224	206f776e
1225	207377656574
1226	2072657374
1227	206c616479
1228	2068696c6c
1229	20666f6c6c6f77
1230	20646973
1231	20646972
1232	20746f70
1233	20637572696f7573
1234	20637574
1235	4174
1236	206d6f7665
1237	20656e6a6f79
1238	204a61636b
1239	6b656e
1240	20636f6c64
1241	20696d706f7274616e74
1242	206669727374
1243	206d616b696e67
1244	20686f70
1245	20686964
1246	2074616c6c
1247	4166746572
1248	20627269676874
1249	2064726177
1250	73746572
1251	206475636b
1252	2077617463686564
1253	2072616365
1254	66657265
1255	207461696c
1256	446f6e
1257	20626567616e
1258	6f756e74
1259	206772617373
1260	20626167
1261	207377696e67
1262	2062656c
1263	206e69676874
1264	69676e
1265	696564
1266	20736c656570
1267	2068616972
1268	2064696666657265
1269	207461626c65
1270	20636c61
1271	207468696e67
1272	207069636b
1273	2068657265
1274	2073686f
1275	6172696e67
1276	20666c6f6f72
1277	20666f7267
1278	207269
1279	576f77
1280	20766f696365
1281	2054686973
1282	206472657373
1283	2074617374
1284	2073746f70
1285	206c6561766573
1286	656374
1287	20686f74
1288	20616772656564
1289	e282ace2
1290	2073686f7574
1291	2072656164
1292	20736f6e67
1293	2068756e
1294	206461726b
1295	2046696e
1296	206e6565646564
1297	576879
1298	20776f727279
1299	717565
1300	20646966666572656e74
1301	207472656573
1302	20636c6f736572
1303	2079656c6c6f77
1304	2077616c6b696e67
1305	2074656c6c
1306	20706170
1307	207275
1308	206661726d
1309	636f
1310	697379
1311	20706c65617365
1312	4d6178
1313	6163686564
1314	20446164
1315	53756464656e6c79
1316	207475726e6564
1317	20636f6c6f7273
1318	53616d
1319	2063617273
1320	206c61756768
1321	20616476656e74757265
1322	65726564
1323	6f6f6d
1324	207072696e
1325	20646f6573
1326	2064616e6365
1327	707079
1328	626f
1329	207375727072697365
1330	2068756e677279
1331	2064656c
1332	2053756464656e6c79
1333	e282ace284
1334	e282ace284a2
1335	207069656365
1336	6166
1337	416e6e61
1338	2062726f6b656e
1339	20746f756368
1340	20626c6f636b73
1341	20776574
1342	20636c696d626564
1343	206170706c65
1344	2070726f6d
1345	206372696564
1346	696c61
1347	69656e74
1348	20667269656e646c79
1349	206c696f6e
1350	2064616e63
1351	20616e6f74686572
1352	204d72
1353	20626568696e64
1354	2066697265
1355	627965
1356	2066756c6c
1357	20737465
1358	537565
1359	2054696d6d79
1360	204a616e65
1361	20776f6f64
1362	2070726574656e64
1363	536f
1364	2072756e6e696e67
1365	636b6564
1366	20676f6e65
1367	2066616972
1368	7768657265
1369	206372
1370	62626564
1371	20747261696e
1372	7368
1373	2054686174
1374	536865
1375	6176
1376	206665656c696e67
1377	20616d617a
1378	2072656163686564
1379	61746572
1380	207377696d
1381	20706572
1382	2068656c70696e67
1383	206f6e6c79
1384	20637265616d
1385	206163
1386	20736d656c6c
1387	207061706572
1388	69636564
1389	206c697374656e6564
1390	20676f6f64627965
1391	204173
1392	53617261
1393	207265616479
1394	20686f6c64
1395	20616e74
1396	20726f6c6c
1397	20426f626f
1398	204f
1399	696b65
1400	2077616c6c
1401	20636c6f7365
1402	20627574746572
1403	207265706c
1404	206669676874
1405	20636f6f6c
1406	20736c6f77
1407	726564
1408	206d757374
1409	616279
1410	20736974
1411	617368
1412	20646f6e65
1413	6b6579
1414	20776167
1415	20416c6c
1416	206f776c
1417	6f7474
1418	20676c6164
1419	20707573686564
1420	2074696e79
1421	207468726f756768
1422	206c657373
1423	20747279696e67
1424	2064696e
1425	20776f6e646572
1426	206c69676874
1427	496e
1428	2077697365
1429	20647269
1430	69656c64
1431	206672756974
1432	6174686572
1433	206d6f6d656e74
1434	206265656e
1435	204d6f6d6d79
1436	206578706c6f7265
1437	2077696e646f77
1438	207265616368
1439	2068696465
1440	206172
1441	20737475636b
1442	20647265616d
1443	20706c616e
1444	2073656573
1445	2077696e
1446	20626c6577
1447	61697379
1448	20627579
1449	20776973686564
1450	207472656174
1451	206e657374
1452	206c6f6f6b73
1453	20626974
1454	207468616e6b
1455	2070656e
1456	2045766572796f6e65
1457	206a6f696e
1458	2073686f75746564
1459	207363617279
1460	2066616c6c
1461	20636c6f7564
1462	617679
1463	20646f696e67
1464	206275696c64
1465	20626172
1466	2062616279
1467	6f6e6579
1468	207365656e
1469	7065
1470	616e6479
1471	616d6573
1472	2070657266
1473	20636f6d696e67
1474	20616972
1475	2068656c64
1476	20637570
1477	6f726d
1478	207265706c696564
1479	206d6174
1480	206c656674
1481	20686f70706564
1482	2064726f
1483	4d6961
1484	20717569636b
1485	656c79
1486	20626f7474
1487	20776879
1488	206272616e
1489	6e646d61
1490	2067726162626564
1491	2066696c6c
1492	646572
1493	207377616d
1494	206e616d65
1495	206469727479
1496	697a6564
1497	20756e6465727374
1498	206a6f62
1499	20626f6f6b73
1500	20736f6d6574696d6573
1501	206d69676874
1502	20736e6f77
1503	2063617374
1504	207475726e73
1505	2062726f6b65
1506	2073757265
1507	206c616e64
1508	6f757468
1509	4f6b6179
1510	206d6f757468
1511	2072656d656d6265726564
1512	7570
1513	20636f756e74
1514	6f7570
1515	2062757474657266
1516	20626967676572
1517	2070696e6b
1518	206368696c64
1519	2073706c
1520	2070756c6c6564
1521	61736b
1522	277265
1523	20737461796564
1524	6f776572
1525	20636f6c6f7266756c
1526	20706f74
1527	2062616c6c6f6f6e
1528	75636b79
1529	6565
1530	4f68
1531	207468726565
1532	204166746572
1533	207061696e74
1534	6978
1535	6174696f6e
1536	20676966
1537	20636c6170706564
1538	207761766564
1539	206e6f7469636564
1540	206c6573736f6e
1541	222e
1542	205468657265
1543	75646479
1544	696379
1545	2067616d6573
1546	20637265
1547	20736574
1548	206368616972
1549	20616e797468696e67
1550	207469676874
1551	20636f6e74
1552	207468726577
1553	206865617679
1554	726f6f6d
1555	20776f6f6473
1556	2067656e74
1557	54686973
1558	2067726f77
1559	20666f6c6c6f776564
1560	20616c6f6e65
1561	53706f74
1562	20776169746564
1563	207069637475726573
1564	20656e6a6f796564
1565	20636f6f6b696573
1566	486572
1567	6473
1568	20626565
1569	20736561
1570	696e73
1571	426f62
1572	746f6e
1573	617274
1574	206d697373
1575	2062726f74686572
1576	20776f726c64
1577	2064656570
1578	6465
1579	20717569636b6c79
1580	206c656166
1581	204461697379
1582	6973746572
1583	204a6f686e
1584	2073706f74
1585	2065766572797768657265
1586	20627574746572666c79
1587	6f6c6c79
1588	617065
1589	207768697465
1590	4c756379
1591	726f7373
1592	6c657373
1593	206a75
1594	6175676874
1595	20706c616e74
1596	20636c6f74
1597	2079656172
1598	207075
1599	6e6572
1600	20636c6f74686573
1601	20706174
1602	206c696b6573
1603	20726f756e64
1604	206e6170
1605	7a65
1606	2077656172
1607	206d756d
1608	20636173746c65
1609	6173757265
1610	2077726f6e67
1611	204275646479
1612	206d6978
1613	206d6172
1614	6c63
1615	2077656c6c
1616	7068
1617	726565
1618	20717569
1619	636c65
1620	20746f776572
1621	2064616e636564
1622	6d616e
1623	6172656e74
1624	72696573
1625	616d70
1626	20776f6e
1627	207175696574
1628	6f65
1629	756564
1630	20736e61636b
1631	207369676e
1632	2072696465
1633	206d7573
1634	206d616b6573
1635	206b6579
1636	2061726d
1637	2068696d73656c66
1638	207665
1639	20706172656e74
1640	616e67
1641	2062726f75676874
1642	20666f72676f74
1643	756c6c79
1644	20666173746572
1645	206669656c64
1646	6c657068
1647	446f
1648	2073686172696e67
1649	20736973746572
1650	746879
1651	6f73
1652	20627265616b
1653	6f756e
1654	2077697368
1655	204c696c61
1656	66756c6c79
1657	6379
1658	2067696674
1659	20626f74746c65
1660	206b696e67
1661	2066696e6973686564
1662	2064696e6e6572
1663	726f77
1664	2074616c6b6564
1665	20686974
1666	20647279
1667	206d6f6e73746572
1668	206265616368
1669	656e6365
1670	2064616e676572
1671	6767
1672	2064656c6963
1673	206c6567
1674	20636f6d70
1675	20636f77
1676	207368696e
1677	207265616c6c79
1678	206775
1679	2077616e7473
1680	61726473
1681	2072656c
1682	206769
1683	2057686174
1684	697474656e
1685	206d6f6e6b6579
1686	46726f6d
1687	206661697279
1688	20546f
1689	20706f6c
1690	2062696b65
1691	20627574746f6e
1692	4a6f686e
1693	20736f6d656f6e65
1694	20666f78
1695	20766973
1696	20626c61636b
1697	20656d
1698	206272616e6368
1699	63657373
1700	616e6365
1701	766573
1702	726f74
1703	70706572
1704	20706967
1705	20617474
1706	20496e73696465
1707	2066616e
1708	20656174696e67
1709	204174
1710	20756e6465727374616e64
1711	2066696c6c6564
1712	20706574
1713	20636f6e74696e
1714	2042696c6c79
1715	207261
1716	20626f72
1717	206d75736963
1718	757368
1719	20746f646179
1720	20667572
1721	20737072
1722	20726f636b73
1723	20776865
1724	656164
1725	2064726167
1726	206361726566756c6c79
1727	207269766572
1728	20706965636573
1729	697474696e67
1730	20706f696e
1731	20626f776c
1732	696d69
1733	2073696465
1734	63746f72
1735	2062726f776e
1736	20736d617274
1737	2062697465
1738	416d79
1739	72656e
1740	5768696c65
1741	20796573
1742	2070726f6d69736564
1743	7a7a
1744	20736e616b65
1745	20776f7272696564
1746	2065766572797468696e67
1747	65646479
1748	2073616e67
1749	486973
1750	61746564
1751	4a757374
1752	2073696c6c79
1753	7374656164
1754	2077656c63
1755	20736f7570
1756	20726f6164
1757	207361696c
1758	207669736974
1759	20717565
1760	2074616c6b696e67
1761	2070756464
1762	206a6172
1763	2063726162
1764	20636f6e74696e756564
1765	2066726565
1766	656c6c61
1767	20706172656e7473
1768	20656c
1769	205361726168
1770	20656e6f756768
1771	206c6574746572
1772	205a
1773	20456d
1774	20647261676f6e
1775	7473
1776	207265616c697a6564
1777	20706177
1778	206d61696c
1779	206d7564
1780	206b697465
1781	20656767
1782	2073697474696e67
1783	20726573
1784	2070657266656374
1785	20536f6f6e
1786	2073686f70
1787	206f72616e6765
1788	206d6f74686572
1789	20666c79696e67
1790	20656c7365
1791	76656c
1792	207468726f77
1793	676c79
1794	66697368
1795	20776167676564
1796	206f776e6572
1797	736573
1798	206275636b
1799	6f7264
1800	20776f726473
1801	20736d696c6573
1802	207368696e696e67
1803	46696e
1804	20737472616e6765
1805	20736d6f
1806	204d61796265
1807	61726d
1808	206d6f766564
1809	206c61756768696e67
1810	207068
1811	2068617070656e
1812	2064616e6765726f7573
1813	20636c6f736564
1814	206368696c6472656e
1815	20626f756e
1816	2062617468
1817	666f7274
1818	636b6574
1819	20776974686f7574
1820	206365
1821	206472696e6b
1822	4d61796265
1823	207768697374
1824	20656172
1825	204d696d69
1826	2063616e6479
1827	7070696e67
1828	20616d617a696e67
1829	756e6368
1830	207374616e64
1831	20736563
1832	617374
1833	206c6f6e
1834	20686967686572
1835	2073746f6e65
1836	2070617374
1837	75736564
1838	206c6f6e656c79
1839	6779
1840	20626174
1841	20426c
1842	61796f6e
1843	2070617373
1844	206c6976696e67
1845	202d
1846	69736b
1847	626f617264
1848	206261726b6564
1849	207461737479
1850	20736563726574
1851	20726f7065
1852	206d6f726e696e67
1853	20637279696e67
1854	20637261796f6e
1855	2077656c636f6d65
1856	20737475
1857	2062656c6965
1858	20707265
1859	4d6f6d6d79
1860	63686573
1861	61746f
1862	206865616c
1863	2066696e616c6c79
1864	20726f6c6c6564
1865	616d61
1866	6c657068616e74
1867	2073637265616d
1868	2070696c65
1869	63686f6f6c
1870	506c65617365
1871	2073747265
1872	2061736b73
1873	2070757368
1874	2067657474696e67
1875	69736573
1876	207361636b
1877	207363686f6f6c
1878	206661726d6572
1879	656f
1880	207377696e6773
1881	2070757270
1882	69766572
1883	696368
1884	207368656c6c
1885	736574
1886	6d65
1887	6c6c6965
1888	69736b657273
1889	2074726f75
1890	206170706c6573
1891	204a656e
1892	6c6c61
1893	20626c616e6b
1894	206d6164
1895	6272
1896	20746f6d
1897	206772616e646d61
1898	2074656163
1899	2073686f6573
1900	20636175676874
1901	2073616d65
1902	20707572706c65
1903	2068657273656c66
1904	20626c616e6b6574
1905	204368
1906	20776f7265
1907	2067656e746c65
1908	20646f6c6c73
1909	72616374
1910	61736564
1911	696768
1912	206d696e65
1913	2064726f70706564
1914	206a65
1915	20666974
1916	20707564646c65
1917	20546f6d6d79
1918	2064656c6963696f7573
1919	69626c65
1920	2063757465
1921	206c616b65
1922	697274
1923	6579
1924	6f6c
1925	2073696e67696e67
1926	2073656172
1927	20656c657068616e74
1928	204a6f65
1929	69746368
1930	2070657273
1931	20686964696e67
1932	2075676c79
1933	20636f7572
1934	0d0a200d
1935	2077696e6773
1936	206d6f6e6579
1937	20636f75727365
1938	2062656e
1939	61736b6574
1940	206f62
1941	7468646179
1942	69727468646179
1943	207965617273
1944	2072756e73
1945	206d6f7374
1946	20426c7565
1947	20666f7265766572
1948	7562
1949	20686f706564
1950	2063686565
1951	20576869736b657273
1952	697265
1953	207374617274
1954	207370696e
1955	2042656c6c61
1956	2066656e6365
1957	20636172726f74
1958	206272696e67
1959	206261736b6574
1960	756d7079
1961	7377
1962	20776f6b65
1963	20616e7377
1964	20477261
1965	6f7365
1966	20777261
1967	636b73
1968	61696c
1969	20636f726e
1970	2074656163686572
1971	2062616c6c73
1972	617373
1973	2061727269
1974	20646f63746f72
1975	207472656173757265
1976	2062757368
1977	69646765
1978	617270
1979	61706573
1980	2070726f6d697365
1981	206a6f79
1982	20636f6174
1983	2062616e64
1984	20746f7563
1985	206c756e6368
1986	20636f6f6b6965
1987	206269727468646179
1988	6970706564
1989	207465646479
1990	204c656f
1991	20737472656574
1992	2064617973
1993	617567687479
1994	46696e616c6c79
1995	20726f62
1996	696c6b
1997	20776172
1998	206e617567687479
1999	2062656c6f6e67
2000	205468616e6b
2001	62616c6c
2002	207368617270
2003	20736861706573
2004	2067726577
2005	6d6564
2006	696e6564
2007	206a75696365
2008	2063617264
2009	20626f77
2010	6c646572
2011	20706c616e65
2012	20706f70
2013	206d696c6b
2014	2046726564
2015	207465616368
2016	65746572
2017	20736879
2018	6d6f6e
2019	6675736564
2020	2076696c6c
2021	206d61726b
2022	6f7374
2023	6b696e
2024	20656173
2025	2064697274
2026	206372656174
2027	4a61636b
2028	6f6f7365
2029	20746f7563686564
2030	7572746c65
2031	696572
2032	616c65
2033	2073656174
2034	206d696e
2035	20696e63
2036	7379
2037	2062656c69657665
2038	20616d617a6564
2039	276c6c
2040	2073656564
2041	206e6f7365
2042	2062656c6c
2043	206b697373
2044	206865617274
2045	206772756d7079
2046	206769616e74
2047	756e67
2048	20736c6f776c79
2049	20736872
2050	7363
2051	726577
2052	61746f72
2053	2067726179
2054	2063686565726564
2055	2062656e6368
2056	2061626c65
2057	2073706f
2058	20706f776572
2059	206e65636b
2060	206e7574
2061	206665656c73
2062	206361727279
2063	206275636b6574
2064	206669786564
2065	20666577
2066	206272656164
2067	2070696c6c
2068	206c656d6f6e
2069	206c617465
2070	2061727269766564
2071	20747265617473
2072	2070726f62
2073	2074726970
2074	20726f636b6574
2075	207468696e6b73
2076	2073706f6f6e
2077	2073686f6f6b
2078	20706f636b6574
2079	206e756d
2080	2064697374
2081	2077686973746c65
2082	20726f626f74
2083	207368616b65
2084	6c696e67
2085	476f6f64
2086	206b697474656e
2087	20636f696e
2088	65727279
2089	20747572746c65
2090	20737061726b
2091	2063726177
2092	6c656d
2093	207477696e73
2094	2072756465
2095	206d6f6f6e
2096	206d61676963616c
2097	2063617274
2098	696767
2099	617070
2100	20626f6e65
2101	207a6f6f6d
2102	2077617665
2103	2070726f626c656d
2104	2062757379
2105	20746f7761726473
2106	2070617469656e74
2107	666f727461626c65
2108	2073746f726d
2109	20737567
2110	626f77
2111	2076696c6c616765
2112	20736f756e6473
2113	4c696c61
2114	20796f756e67
2115	20776f6e64657266756c
2116	20776865656c
2117	206c697665
2118	656c6c79
2119	2073746f72696573
2120	20636f766572
2121	756e74
2122	697361
2123	62626c65
2124	20686f6e6579
2125	20646573
2126	4f4b
2127	20636f6c6c
2128	2062616e
2129	20737472696e67
2130	206469
2131	697270
2132	6561726564
2133	656d79
2134	2070617468
2135	20636865657365
2136	61646f77
2137	207570736574
2138	2074616b696e67
2139	20736f6e6773
2140	2073616c
2141	6570656e64
2142	2077696465
2143	2068756765
2144	20416e6e
2145	204a757374
2146	206d697374
2147	204d6f6d6f
2148	2077696c64
2149	20726164
2150	206d656574
2151	20686f6c64696e67
2152	6c6f776572
2153	53757265
2154	20737563
2155	20646973617070
2156	20647269766572
2157	2062616e616e
2158	4f66
2159	206a6577
2160	756e61
2161	626c6564
2162	4265
2163	20776f726d
2164	206a6577656c
2165	2062756773
2166	20736f7572
2167	207075707079
2168	206c696665
2169	20696e76
2170	207261696e626f77
2171	206c6179
2172	206a656c6c79
2173	20456d6d61
2174	6f756e7461696e
2175	616c6d
2176	207461737465
2177	206669676874696e67
2178	207365656b
2179	206c75636b79
2180	206261
2181	2069676e
2182	20736d6f6f7468
2183	2067726162
2184	204d61726b
2185	6e6579
2186	207368656c66
2187	69676572
2188	5374
2189	207065616365
2190	6f7273
2191	696c696e67
2192	20636f75
2193	20736e6f776d616e
2194	20736d656c6c79
2195	206e6574
2196	20686f72
2197	20636972
2198	206163726f7373
2199	20446f67
2200	756c6172
2201	7370
2202	206d6564
2203	697a7a79
2204	207468696e
2205	2070617274
2206	656e73
2207	2068756773
2208	206265616b
2209	204f6e
2210	204e
2211	2073756464656e6c79
2212	69616e
2213	2073746570706564
2214	20666f6f74
2215	2063726f7373
2216	6f7068
2217	617572
2218	20736572
2219	20726563
2220	206d6973736564
2221	206c616e646564
2222	20676c6f77
2223	2073746570
2224	206a6f6b65
2225	657374
2226	206f7267616e
2227	2046696e616c6c79
2228	6f707079
2229	657265
2230	207368697274
2231	2073616e6477
2232	2064726f7665
2233	546f
2234	206e6f7465
2235	206a6f7572
2236	697a7a
2237	2073706c6173
2238	206e6f69736573
2239	2066616e6379
2240	2068656c7066756c
2241	2064697368
2242	2063686577
2243	20626f7373
2244	2070757a7a
2245	20646f6773
2246	206461646479
2247	6f6e657374
2248	6e6f74
2249	697272
2250	656b
2251	61746566756c
2252	2077617368
2253	20696e7374656164
2254	205370
2255	204d6f6c6c79
2256	6f7665
2257	2073656c
2258	20686f6e657374
2259	206475636b73
2260	206472697665
2261	20636c6f7468
2262	2063616e6e6f74
2263	4c61746572
2264	20636170
2265	486579
2266	6572657374
2267	2070686f6e65
2268	20677261746566756c
2269	20636f6e6675736564
2270	20627269
2271	696665
2272	657274
2273	20776f726b696e67
2274	207761736e
2275	20696e746572657374
2276	206368616e6765
2277	6f6f6d79
2278	20626f75676874
2279	20616374
2280	2052656d79
2281	636f6c
2282	206865616c746879
2283	204c697361
2284	2073617665
2285	206c6164
2286	2063686f
2287	207761746368696e67
2288	20737065
2289	697479
2290	206c617374
2291	20657870
2292	207a6f6f
2293	207369636b
2294	206a6f67
2295	206176
2296	746f
2297	2077686f6c65
2298	207765616b
2299	2073656c66697368
2300	206d61796265
2301	20616476656e7475726573
2302	69646572
2303	207374617273
2304	207072696e63657373
2305	2066656174686572
2306	206f76656e
2307	206c6164646572
2308	20636f6d6573
2309	207365656d6564
2310	206c696e65
2311	207465616d
2312	2070616e
2313	206c656773
2314	20666f72676574
2315	20666c65
2316	207072616374
2317	20706f7572
2318	64656e
2319	2066696e697368
2320	65766572
2321	207374726574
2322	204275
2323	7475726e
2324	6f726b
2325	6f63
2326	2073706c617368
2327	207361766564
2328	2070696e
2329	2065617379
2330	206261726b
2331	20616e796f6e65
2332	6f7065
2333	697a7a61
2334	697a65
2335	53616c6c79
2336	2072657475726e
2337	20707269
2338	61696e6564
2339	20746965
2340	2070726f74
2341	206d65737379
2342	206c6f6e676572
2343	20666f7267697665
2344	20636c65766572
2345	2063617665
2346	204f6c6c6965
2347	70696c6c
2348	70696c6c6172
2349	2076616c
2350	2074616b6573
2351	2070696c6c6f77
2352	62626c6573
2353	536f6f6e
2354	207772697465
2355	2073756368
2356	20636861736564
2357	77617264
2358	6c6c6f
2359	6974696e67
2360	436f6d65
2361	20696e746572657374696e67
2362	2063616c6d
2363	206272757368
2364	20436174
2365	2074617065
2366	20736c6964
2367	206661636573
2368	204475636b79
2369	696479
2370	4b69747479
2371	206d7973746572
2372	206d696e64
2373	20637261796f6e73
2374	20636c6f756473
2375	20656e74
2376	70656374
2377	2070726574656e646564
2378	20706572736f6e
2379	20617368
2380	20706c616e7473
2381	20736c65657079
2382	2073637265616d6564
2383	2066616b65
2384	756e6b
2385	69727079
2386	657468
2387	2072696e67
2388	206d697374616b65
2389	206c6f76656c79
2390	2068696464656e
2391	20656167
2392	75616c6c79
2393	207370726179
2394	206c6f636b
2395	20616c6f6e67
2396	2074686f756768
2397	207375
2398	20626f6f74
2399	204461646479
2400	6f636b6564
2401	657270696c6c6172
2402	2070697a7a61
2403	20686f727365
2404	20636f7a79
2405	20636174657270696c6c6172
2406	776f726b
2407	2077616974696e67
2408	20737469636b73
2409	206f6e746f
2410	20656c646572
2411	20546f676574686572
2412	206c61746572
2413	20686f7065
2414	20656c6465726c79
2415	616d6564
2416	2076616e
2417	207377696d6d
2418	20656d70
2419	6c656272
2420	20776f6c66
2421	20737069646572
2422	20656d707479
2423	2063656c656272
2424	6c6574
2425	20776f6e6465726564
2426	2073757070
2427	20717565656e
2428	2057697468
2429	79617264
2430	2073747261
2431	207368656570
2432	206c6177
2433	206261636b79617264
2434	756c74
2435	6f6f66
2436	2077726170
2437	207061636b
2438	206472616e6b
2439	20736f636b
2440	20676174686572
2441	20626f756e6365
2442	20446f676779
2443	206c696674
2444	2068756d
2445	206275696c64696e67
2446	20776f6d
2447	2074696479
2448	206d6174746572
2449	206d697272
2450	2061726d73
2451	205456
2452	6f6f70
2453	61756768746572
2454	20776f6d616e
2455	207370696379
2456	206d656c
2457	20676c617373
2458	20436f6d65
2459	6f6e74
2460	697070
2461	617370
2462	206d6972726f72
2463	20676c7565
2464	206578706c6f72
2465	206368656572
2466	206166
2467	20436869727079
2468	696f6e73
2469	207375676172
2470	2072696368
2471	207072696e74
2472	20627269646765
2473	204772616e646d61
2474	20746561
2475	2074656e74
2476	207377696d6d696e67
2477	2073686970
2478	206d61746368
2479	206b69636b
2480	2068656c
2481	2066726f6e74
2482	2064726577
2483	20626f737379
2484	204d79
2485	20456c6c61
2486	6f726d616c
2487	20736561726368
2488	20706f6f6c
2489	2069676e6f72
2490	20636869636b
2491	204a696d
2492	2074726f75626c65
2493	206e6f726d616c
2494	2067656e746c79
2495	20667275697473
2496	20636f756368
2497	626f78
2498	20746f77656c
2499	206461756768746572
2500	6d656e74
2501	2077696e67
2502	20706f696e746564
2503	206a756d70696e67
2504	67657374
2505	626279
2506	206769766573
2507	20666c6167
2508	72616964
2509	69636b6564
2510	656c70
2511	2077616e64
2512	206c617a79
2513	20636c65616e6564
2514	20616672616964
2515	2042656e6e79
2516	4d79
2517	207072696e6365
2518	2070656e63
2519	2063686572
2520	20476f
2521	796d
2522	20736d656c6c6564
2523	2070726179
2524	20706f77657266756c
2525	20706c61636573
2526	2070656e63696c
2527	2066696c
2528	205468656972
2529	204d616d61
2530	204a696c6c
2531	61636564
2532	207175657374
2533	2070756d70
2534	416e64
2535	206c6172
2536	2068656c6c6f
2537	2063617272696564
2538	2063616765
2539	20536f6d6574
2540	20526578
2541	68696e
2542	2079656c6c6564
2543	20706c617465
2544	206d616368
2545	20636c617373
2546	206368617365
2547	205374
2548	2042756e6e79
2549	6f73617572
2550	6e6564
2551	646765
2552	2064696e6f73617572
2553	20576879
2554	2070757473
2555	206e756d626572
2556	206a656570
2557	2066696e67
2558	2064616e63696e67
2559	20637269
2560	6f6e6573
2561	53746f70
2562	207765697264
2563	2073746972
2564	206e65696768
2565	2066656172
2566	6f72726f77
2567	48656c70
2568	20727562
2569	206e6569676862
2570	206e6561726279
2571	206170
2572	2054696e79
2573	204c756e61
2574	207472696573
2575	2067756e
2576	204966
2577	204272
2578	20646973636f
2579	2062616c
2580	206170706561726564
2581	20616e7473
2582	2077656172696e67
2583	2074727565
2584	20746f6d6f72726f77
2585	20736f6170
2586	20736861726b
2587	20656d62
2588	6973736f7273
2589	206a6f75726e6579
2590	20696379
2591	756767
2592	696666
2593	20736f6c
2594	20736d696c696e67
2595	2070757a7a6c65
2596	206561676572
2597	6177
2598	20776973
2599	20726567
2600	204a65727279
2601	766f7573
2602	7061
2603	207465657468
2604	2073636973736f7273
2605	2073636172
2606	20706f7461746f
2607	206c61726765
2608	20696d6167
2609	2067617465
2610	75706964
2611	6974746572
2612	696e61
2613	2073756363657373
2614	2073616e6477696368
2615	206d616368696e65
2616	206465636f72
2617	2062616e616e61
2618	2073746f6f64
2619	2064657374
2620	2062616b65
2621	20616e73776572
2622	75727365
2623	72617373
2624	617272617373
2625	20776970
2626	207472757374
2627	2074656172
2628	20736166
2629	20737572
2630	2070726f74656374
2631	20706f6f72
2632	206c6f766573
2633	20656d62617272617373
2634	2064697a7a79
2635	20636972636c65
2636	7765
2637	697370
2638	546f6d6d79
2639	204d617279
2640	61726c
2641	20696e63726564
2642	6e657373
2643	69717565
2644	20756e6b
2645	20756e69717565
2646	206675727279
2647	20667269676874
2648	20617368616d6564
2649	76656e7475616c6c79
2650	20696e6372656469626c65
2651	2042656172
2652	7261746564
2653	6f726d6f7573
2654	6e6f776e
2655	6d6572
2656	656e73697665
2657	6265727279
2658	207768697370
2659	2074657374
2660	20657870656e73697665
2661	6970706572
2662	636f6d
2663	20756e6b6e6f776e
2664	20737465616b
2665	20737475706964
2666	20667269676874656e6564
2667	446164
2668	206e6572
2669	20687572
2670	20626f72696e67
2671	6f6e64
2672	657279
2673	2073706c6173686564
2674	206b69636b6564
2675	20676f6573
2676	2067696767
2677	20486f77
2678	657261
2679	20796f67
2680	20736f6c64
2681	206e6f7468696e67
2682	206e6572766f7573
2683	206472756d
2684	206372656174697665
2685	2063686f636f6c
2686	756365
2687	67657461626c65
2688	20766567657461626c65
2689	207374726177
2690	2073616c6164
2691	2072656c6965
2692	206b6e6f636b6564
2693	20696d7072657373
2694	20676f6f7365
2695	20656e6f726d6f7573
2696	2063726f776e
2697	61646f
2698	20737072696e67
2699	2070617773
2700	2066616d6f7573
2701	20646967
2702	6e647061
2703	656469656e74
2704	61697273
2705	206d656173757265
2706	206c656164
2707	2066656574
2708	20636c6179
2709	2062616c64
2710	20737175617265
2711	2070756d706b696e
2712	2070726573
2713	20706561636566756c
2714	207061696e746564
2715	206d6f74
2716	20676f6c64
2717	2067656e
2718	20416e6479
2719	6c6576
2720	20736e61636b73
2721	20706179
2722	206672757374
2723	2063686f636f6c617465
2724	757465
2725	2073776f7264
2726	207377616e
2727	20726f756768
2728	2067656e6572
2729	20666f6f6c
2730	20636f70
2731	205065
2732	20426f626279
2733	75616c
2734	20776f756c646e
2735	20746f6d61746f
2736	206f62656469656e74
2737	20636c6f736574
2738	20446f6e
2739	7363617065
2740	20726f6172
2741	206d6973
2742	636f726e
2743	207761676f6e
2744	20706f6c697465
2745	206e6f697379
2746	206d65646963
2747	206d6f756e7461696e
2748	206865726f
2749	2066727573747261746564
2750	2042697264
2751	616e79
2752	207363617266
2753	2072657370656374
2754	20706572666f726d
2755	206d656c6f6e
2756	206d65646963696e65
2757	20536f6d6574696d6573
2758	20506c65617365
2759	65727269
2760	207768616c65
2761	206d6f6d73
2762	20636f726e6572
2763	206272616e63686573
2764	20626c6f77
2765	636564
2766	207374756479
2767	206e757473
2768	206d7973746572696f7573
2769	20646973636f766572
2770	2033
2771	6f7465
2772	6c766573
2773	2075736566756c
2774	207468657365
2775	207469676572
2776	20686172
2777	20647567
2778	20496e7374656164
2779	616b696e67
2780	2072656c6965766564
2781	2070726573656e74
2782	206a616d
2783	20686f726e
2784	206261726e
2785	6d62
2786	20756e64657273746f6f64
2787	20737465616c
2788	20737175617368
2789	20706562626c65
2790	756c62
2791	2074686f7567687466756c
2792	207469636b
2793	2073756e66
2794	207374616e64696e67
2795	206d61726368
2796	20506f707079
2797	726f62
2798	706573
2799	2076617365
2800	20746869636b
2801	207061737461
2802	206d69786564
2803	2067656e65726f7573
2804	20636f7665726564
2805	6f746f
2806	6f727279
2807	686f7374
2808	6174746572
2809	20736861646f77
2810	206d61736b
2811	2062756c62
2812	2061736b696e67
2813	2057696c6c
2814	204265
2815	726f79
2816	726f636f
2817	666963
2818	207465727269
2819	2073756974
2820	206c6162
2821	206c616d70
2822	20676f6174
2823	20666f6f6c697368
2824	20646966666963
2825	20636c656172
2826	2042726f776e
2827	726f6265
2828	207363617265
2829	206d757368
2830	206d6f76696e67
2831	2064697367
2832	20646966666963756c74
2833	2064657374726f79
2834	20536f6d65
2835	c59349
2836	696d70
2837	637265616d
2838	616c6f7573
2839	2073706f696c6564
2840	207370616365
2841	206a65616c6f7573
2842	2067686f7374
2843	20636c6f636b
2844	20636c6170
2845	756e676c65
2846	616c73
2847	546f676574686572
2848	2074756e
2849	2073756e666c6f776572
2850	20736d616c6c6572
2851	206265616e
2852	20746173746564
2853	206a756e676c65
2854	206861726d
2855	20666174
2856	20656e67
2857	20627265617468
2858	6f776564
2859	6967686564
2860	207374756666
2861	2072617265
2862	2068617473
2863	2067726f7570
2864	2066656564
2865	2063616e64
2866	72656164
2867	706f7274
2868	20746f7567
2869	20726566
2870	20706f70636f726e
2871	20686179
2872	696e616c
2873	206861697279
2874	2065676773
2875	2064697367757374
2876	206275726e
2877	756d7379
2878	636f6d666f727461626c65
2879	6369656e74
2880	20746f756768
2881	20737072656164
2882	206f7264
2883	2064656164
2884	20616e6369656e74
2885	2061646d
2886	207768696368
2887	20756e636f6d666f727461626c65
2888	207465727269626c65
2889	2073656c6c
2890	20727567
2891	206d757368726f6f6d
2892	206578706c6f72696e67
2893	2064726177696e67
2894	2064697367757374696e67
2895	206368657374
2896	206368656170
2897	20626f6479
2898	20626974746572
2899	6173736573
2900	496e73696465
2901	2074726f75626c6564
2902	206775657373
2903	20666f6c64
2904	206578616d
2905	2064726f70
2906	757375616c
2907	726f636f64
2908	726f636f64696c65
2909	6f6c64
2910	6967696e616c
2911	54696d6d79
2912	48657265
2913	417265
2914	20796f757273656c66
2915	207477697374
2916	2068616e67
2917	2064756c6c
2918	20626f726564
2919	20626c6f6f6d
2920	2061736c656570
2921	756d65
2922	616d6f6e64
2923	616c6b
2924	20736e6565
2925	2073686f6f74
2926	2072656d696e64
2927	206d61726b6574
2928	20656e67696e65
2929	2061636f726e
2930	6c616e64
2931	696c74
2932	6964656e74
2933	2077616b65
2934	2073747269
2935	206a6f6c6c79
2936	206469616d6f6e64
2937	20636f6e65
2938	206265636f6d65
2939	2027
2940	78696f7573
2941	7265656e
2942	656e6e79
2943	20756e757375616c
2944	20746f6f6c
2945	207365656473
2946	206d756666
2947	206a6f696e6564
2948	20636c756d7379
2949	2061756e74
2950	6972737479
2951	657272696573
2952	656f6e
2953	20746175676874
2954	2073636174746572
2955	206d6f746f72
2956	20656d626172726173736564
2957	206372617a79
2958	2062657272696573
2959	20616e78696f7573
2960	207768656174
2961	20726174
2962	20706967656f6e
2963	206f726967696e616c
2964	206d6967687479
2965	206c6f7365
2966	2066696e65
2967	20656e64696e67
2968	2063726f636f64696c65
2969	2053616d6d79
2970	20416c
2971	696f
2972	207370656e74
2973	2066726f776e
2974	20636f6d62
2975	2062656573
2976	20696e64
2977	7469
2978	65726365
2979	20756e6c
2980	20726570
2981	20706f77
2982	20686f7365
2983	20666965726365
2984	20636f7374
2985	2062616c616e6365
2986	747469
2987	6865747469
2988	61676865747469
2989	2072656c6178
2990	206f7267616e697a6564
2991	20676c6f6f6d79
2992	206174746963
2993	206172726f77
2994	6775
2995	536f727279
2996	2073686f65
2997	207361696c6f72
2998	207072697a65
2999	20626174746572
3000	20616464
3001	66746564
3002	61746368
3003	20737061676865747469
3004	206a7567
3005	20627562626c6573
3006	6c69676874
3007	63746f70
3008	486f77
3009	2077726f7465
3010	207468616e6b66756c
3011	207365617263686564
3012	206c697a
3013	206578636974696e67
3014	2063617473
3015	20626f7973
3016	204d616e79
3017	204576656e
3018	7569746172
3019	73656c766573
3020	696e6b79
3021	5768657265
3022	207a6970
3023	2069676e6f72616e74
3024	206861726d6c657373
3025	20677569746172
3026	20646570656e64
3027	206368657373
3028	2063656c656272617465
3029	20636172726f7473
3030	20626568617665
3031	20616476656e747572
3032	20456d696c79
3033	726167
3034	6d70
3035	616e676564
3036	4d616d61
3037	2074686972737479
3038	207370696c6c
3039	206e61706b696e
3040	206a656c6c7966697368
3041	2069736c616e64
3042	2066696e64696e67
3043	20636c6f776e
3044	6c616365
3045	69616e74
3046	63746f707573
3047	616e7473
3048	20707261637469636564
3049	20706c617966756c
3050	206e65636b6c616365
3051	206b6e6565
3052	2055
3053	6e6963
3054	6365616e
3055	616e676c65
3056	206f6365616e
3057	206b6e6f77696e67
3058	20636f6d666f727461626c65
3059	20636869636b656e
3060	2062617468726f6f6d
3061	20616476656e7475726f7573
3062	7368696e65
3063	6570656e64656e74
3064	646c65
3065	20776f7264
3066	20747269636b
3067	2073747265746368
3068	2073746174
3069	207069636e6963
3070	20666c617368
3071	20636172656c657373
3072	2062696e
3073	204a656e6e79
3074	6e6574
3075	2074656d70
3076	2074696564
3077	206865617273
3078	206578706c61696e6564
3079	2061766f63
3080	696e657373
3081	696c6c61
3082	6170706564
3083	20696e646570656e64656e74
3084	20646570656e6461626c65
3085	206368616e676564
3086	79616c
3087	77656574
3088	75726b6579
3089	6e656c
3090	207573696e67
3091	2073717565
3092	20706f6c696365
3093	206d6f76
3094	206c697a617264
3095	20686f6f70
3096	20657363617065
3097	205472
3098	75746f6d
3099	75746f6d6f62
3100	75746f6d6f62696c65
3101	726179
3102	20766567657461626c6573
3103	20737765
3104	207363616c65
3105	2070726f
3106	206f63746f707573
3107	206c6f79616c
3108	20637261776c
3109	2063686f6f7365
3110	206275696c74
3111	206272696c6c
3112	206572
3113	6f757273
3114	686970
3115	20726164696f
3116	207069636b73
3117	2070616e7473
3118	206d65616e74
3119	206272696c6c69616e74
3120	20626f74746f6d
3121	2062616c6c6f6f6e73
3122	205768696c65
3123	756d706574
3124	756e64
3125	636964656e74
3126	20796f757273
3127	207765616c
3128	207472756d706574
3129	207475726b6579
3130	206d6963
3131	206d6170
3132	206c6966746564
3133	206b6e696665
3134	20667269656e6473686970
3135	20646f7665
3136	20636f6d706574
3137	20636c65616e696e67
3138	20636162
3139	206175746f6d6f62696c65
3140	6f70617264
3141	696761746f72
3142	657261626c65
3143	2074756e6e656c
3144	20747269636b73
3145	207374616765
3146	207368616465
3147	207261636564
3148	206e65656473
3149	206d6973657261626c65
3150	206d696c6c
3151	20626f617264
3152	6976
3153	4d6f6c6c79
3154	207374756262
3155	20737461747565
3156	207365616c
3157	206c6f75646572
3158	20656e76
3159	2064656166
3160	20636162696e
3161	6f6d6573
3162	6974686572
3163	666565
3164	66666565
3165	4a616e65
3166	2073756e7368696e65
3167	2073696c
3168	207072756e
3169	206b6e69676874
3170	206b6973736564
3171	20666973
3172	20637261776c6564
3173	20636f6c6c656374
3174	20626172626572
3175	20776173686564
3176	20746875
3177	2073747562626f726e
3178	2073686f7773
3179	20706f70756c6172
3180	206c6f6164
3181	20636f756e746564
3182	20616c6c696761746f72
3183	4d65
3184	2077616c6b73
3185	207769746368
3186	2074616b656e
3187	2073746f6e6573
3188	207374616d70
3189	20736869766572
3190	20726f7365
3191	206d61676e6574
3192	20686f7070696e67
3193	20656e76656c
3194	20636875
3195	2062617365
3196	20616e67
3197	204e6f
3198	6d6f7374
3199	207961726e
3200	2074656c6c73
3201	2073686f7265
3202	20726176656e
3203	20726f6f66
3204	20706f77646572
3205	207065616368
3206	206d61696c626f78
3207	206c6f636b6564
3208	206c656f70617264
3209	206775617264
3210	20666f726b
3211	2066726167
3212	20646f6c70
3213	206465736b
3214	20636875626279
3215	206163636964656e74
3216	6961626c65
3217	2073756e67
3218	20736372
3219	2072657475726e6564
3220	207265636f7264
3221	20666c6578
3222	20636f6d706c
3223	20636f66666565
3224	6c697665
3225	696e617279
3226	61736572
3227	207761766573
3228	2077616e646572
3229	2074616e6b
3230	20736d6f6b65
3231	20666c657869626c65
3232	20616e737765726564
3233	20616c6d6f7374
3234	79696e67
3235	6c6173736573
3236	61707079
3237	2073756e676c6173736573
3238	20736f6c7665
3239	20706f75726564
3240	20706173736564
3241	206e6f7379
3242	2066726167696c65
3243	20666f7572
3244	20656e76656c6f7065
3245	20647261776572
3246	7a7a79
3247	6d6574
3248	6964646c65
3249	4576657279
3250	2073706f74746564
3251	20736572696f7573
3252	2072656c6961626c65
3253	2067656d
3254	2064656c69766572
3255	20637261636b
3256	206372696573
3257	7365756d
3258	616e7574
3259	616d657261
3260	207765616c746879
3261	2074656d706c65
3262	207375636365737366756c
3263	20736c6970706564
3264	207368656c6c73
3265	206e65696768626f72
3266	206d617a65
3267	20696e7669746564
3268	2068756d626c65
3269	2068656c6d6574
3270	2064656c69676874
3271	20636f6d7065746974
3272	2063757368
3273	2063616d657261
3274	756c6966
3275	6d627265
3276	20756d627265
3277	20706f7374
3278	20706570706572
3279	206d757365756d
3280	206d6964646c65
3281	20696d7072657373697665
3282	2068697665
3283	20667269646765
3284	757468
3285	207361696c6564
3286	20736967686564
3287	2073656e64
3288	20726164697368
3289	206d6f766965
3290	206c696272
3291	206861727368
3292	206361756c6966
3293	20636f6f
3294	2062656c6f6e676564
3295	6f6f74
3296	69726f6e
3297	657874
3298	636c6573
3299	61676573
3300	4d756d
3301	20747269616e676c65
3302	20736179696e67
3303	207072657373
3304	206875727473
3305	20666f7277617264
3306	20666967
3307	20656e76696f7573
3308	2064656572
3309	20526f62
3310	757262
3311	6c6c6970
3312	6c6c69706f70
3313	6573646179
3314	4966
3315	20776973686573
3316	2073696e6b
3317	207275696e6564
3318	20726570616972
3319	2070657273697374
3320	206f7264696e617279
3321	206e6f6473
3322	206d756666696e
3323	206c6f75646c79
3324	206c6f6c6c69706f70
3325	20676f72
3326	20676172
3327	2066696e676572
3328	20637570626f617264
3329	20596f7572
3330	20546f646179
3331	756c75
3332	617a7a
3333	61726d696e67
3334	20756d6272656c6c61
3335	20736b6970706564
3336	207368696e65
3337	20726567756c6172
3338	2072616674
3339	207061696e74696e67
3340	206f6e6573
3341	206d6f646572
3342	206c6f74696f6e
3343	2068656c706c657373
3344	20686f6d6573
3345	206672616d65
3346	2064656c6963617465
3347	20646f756768
3348	20636865657266756c
3349	2062756c6c
3350	20526f7365
3351	726e
3352	696c7479
3353	696566
3354	616666
3355	466c75666679
3356	20706972
3357	206d6f6465726e
3358	20686f75736573
3359	206775696c7479
3360	2066696c746879
3361	2064697374757262
3362	20636861726d696e67
3363	2063657265
3364	6c6570686f6e65
3365	6a656374
3366	67726f756e64
3367	62657273
3368	5468657265
3369	5468656972
3370	476f
3371	20776865656c73
3372	2074656c6570686f6e65
3373	2073746f7665
3374	20736e696666
3375	20736c656570696e67
3376	206e6963656c79
3377	206d756c65
3378	206c6f77
3379	2068617070696e657373
3380	20676f72696c6c61
3381	206372656174757265
3382	206361756c69666c6f776572
3383	2063617270
3384	20626f72726f77
3385	72616374697665
3386	5361726168
3387	42696c6c79
3388	2074726176656c
3389	20746f617374
3390	20746167
3391	206e6f64
3392	206c69636b6564
3393	20627562626c65
3394	7061636b
3395	69726974
3396	637574
3397	20737065616b
3398	20736869656c64
3399	20736c65
3400	206c6561726e696e67
3401	2062696767657374
3402	2061747472616374697665
3403	20616e67656c
3404	2053756e6e79
3405	205368
3406	67696e67
3407	20796574
3408	20776869737065726564
3409	207469636b6574
3410	2070657273697374656e74
3411	20686172646572
3412	20666c6173686c69676874
3413	206665617266756c
3414	2063657265616c
3415	2063697479
3416	7465726e
3417	6f7261626c65
3418	207472757468
3419	207468696566
3420	207374726f6e676572
3421	2070686f746f
3422	2070656e6e79
3423	206c6f67
3424	2062656c74
3425	2069726f6e
3426	6f6e79
3427	2074696d6573
3428	2073746174696f6e
3429	20736b6970
3430	2073687574
3431	2073637265656e
3432	20706172726f74
3433	206a61636b
3434	20666c75666679
3435	20657261736572
3436	20636f6d7065746974697665
3437	20626f786573
3438	205065746572
3439	6f696e
3440	656c6c6967
3441	6173696e67
3442	616e676572
3443	57686f
3444	2076696e65
3445	20746f726e
3446	2074697265
3447	2073686f77696e67
3448	206d696c64
3449	206c696272617279
3450	206a75646765
3451	20696e74656c6c6967
3452	20676976696e67
3453	20666f727468
3454	20647265616d73
3455	20637265617465
3456	20636f6f6b6564
3457	2063616374
3458	2061636365
3459	776173
3460	776173686572
3461	696374
3462	207472756e6b
3463	207468756e646572
3464	20746170
3465	2073747261776265727279
3466	207370656e64
3467	2070656e6775
3468	206c6976656c79
3469	206c65616e
3470	20676172616765
3471	2064697368776173686572
3472	20636172706574
3473	20636163747573
3474	20636f62
3475	2061646f7261626c65
3476	20536e
3477	6e616d
3478	636f61
3479	207765656b
3480	2076616c7565
3481	20736872696d70
3482	206c79696e67
3483	20666967757265
3484	20646f6c7068696e
3485	20646563696465
3486	2063757368696f6e
3487	206368657272696573
3488	206368616c6b
3489	67656e
3490	426f626f
3491	2071756172
3492	2070656172
3493	206f72646572
3494	206d6f70
3495	206a61636b6574
3496	2068616c66
3497	2067657473
3498	20626564726f6f6d
3499	20616c657274
3500	204c756c75
3501	6973746564
3502	646f6d
3503	20737570706f7274
3504	207361756365
3505	207175657374696f6e
3506	2067617370
3507	2064657369676e
3508	20636f636f61
3509	204d697373
3510	206564
3511	736572
3512	20796f67757274
3513	2073706c6974
3514	20736c657074
3515	206c6564
3516	206272616365
3517	2061766f6361646f
3518	6e616d656e74
3519	4d756d6d79
3520	2077726170706564
3521	2077617973
3522	20756e636c65
3523	2074726970706564
3524	207370656564
3525	20726f64
3526	2070616c
3527	206f726e616d656e74
3528	206b6e6f7773
3529	206b6e6f74
3530	2068656c7073
3531	2068616972637574
3532	206772616365
3533	206465636f72617465
3534	206465746572
3535	204a696d6d79
3536	617469656e74
3537	207768656e65766572
3538	20776f6f6c
3539	207368617065
3540	207175617272656c
3541	20706f696e74696e67
3542	206d6f746f726379
3543	20696e74656c6c6967656e74
3544	20696d70617469656e74
3545	2067796d
3546	20666f67
3547	2064697665
3548	20636f6d706c61696e
3549	20626f617473
3550	657465
3551	656e7365
3552	2077696665
3553	2073657474
3554	207369676874
3555	2068617070656e696e67
3556	2067726f776e
3557	20676966746564
3558	2064657465726d
3559	20446f6c6c79
3560	2042696c6c
3561	72616765
3562	64656c
3563	207370696c6c6564
3564	20736f7274
3565	20736872696e6b
3566	2071756974
3567	206d6f64656c
3568	2068756e74
3569	20676f6c66
3570	206561727468
3571	20636f6f6c6572
3572	206261736562616c6c
3573	205477656574
3574	7879
3575	776562
3576	74656e
3577	726963
3578	6573736965
3579	6174696e67
3580	617373696f6e
3581	616d706f6f
3582	207765696768
3583	2077616666
3584	2074726179
3585	20736f6c64696572
3586	2070616c616365
3587	206e756d62657273
3588	20657863697465
3589	20636f62776562
3590	204a616b65
3591	75726368
3592	756d626572
3593	71756974
3594	717569746f
3595	61636874
3596	4a696d
3597	207961636874
3598	207468696e6b696e67
3599	2073747265616d
3600	207371756565
3601	20736b696e
3602	20726573746c657373
3603	2065617273
3604	2042757a7a
3605	73706974
3606	73706974616c
3607	726f6e
3608	6f6279
3609	656e74696f6e
3610	617473
3611	6176696e67
3612	207669
3613	20746f77657273
3614	2073776561746572
3615	207370756e
3616	20736f6172
3617	20706f6c65
3618	207061747465726e
3619	206f6666696365
3620	206c6974
3621	20686f73706974616c
3622	20677261706573
3623	20676967676c6564
3624	20666f6c646572
3625	20666c757465
3626	206576656e7475616c6c79
3627	206269726463
3628	2050616e6479
3629	7965
3630	73717569746f
3631	696577
3632	61676564
3633	47697665
3634	2076696577
3635	20756e6c6f636b
3636	2070726570
3637	206d6f73717569746f
3638	206d65616e73
3639	206c65617368
3640	206761746865726564
3641	206665617468657273
3642	2065646765
3643	20636f696e73
3644	206269726463616765
3645	7573686564
3646	72696c6c
3647	6f74746572
3648	2074776967
3649	20746f65
3650	207468656d73656c766573
3651	207363726577
3652	2073636f6f74
3653	20706f656d
3654	20706f72
3655	206d61727279
3656	2068616d
3657	206772616e647061
3658	20666f756e7461696e
3659	206469617279
3660	20636f6d70617373696f6e
3661	2062756d70
3662	20616e6368
3663	2054727565
3664	206f74746572
3665	7a6564
3666	756c616e6365
3667	62657272696573
3668	62756c616e6365
3669	61746573
3670	20737472616e676572
3671	20737069726974
3672	2072616b65
3673	20706172616465
3674	20706974
3675	206d697474656e
3676	206c6175676873
3677	206a6574
3678	20666c6561
3679	20666973686572
3680	20657965
3681	20656e63
3682	20656974686572
3683	206469736170706f696e
3684	2063726962
3685	20626f756e636564
3686	20616e63686f72
3687	20616d62756c616e6365
3688	20616c61726d
3689	204c6974746c65
3690	6f70686965
3691	2076616c75
3692	2076696465
3693	207370696e6e696e67
3694	2073686f7274
3695	206b6e6f62
3696	20686f74656c
3697	20636f756e74696e67
3698	20636875726368
3699	20627573686573
3700	2062617272656c
3701	205370696b65
3702	7a6167
3703	69677a6167
3704	3f222e
3705	20726f6465
3706	2072657065
3707	206e6565646c65
3708	206d6f746f726379636c65
3709	206d65616c
3710	20666174686572
3711	20636f6d707574
3712	20636f616c
3713	20636c7562
3714	20636f6d6574
3715	2062617474657279
3716	75636574
3717	73706170
3718	6c746572
3719	697070696e
3720	656c657279
3721	64657374
3722	207a6970706572
3723	206d617474
3724	206a6577656c7279
3725	20666175636574
3726	2064757374
3727	20637269636b6574
3728	6f706c
3729	6973696f6e
3730	68656164
3731	65726f706c
3732	207769706564
3733	2077616c6c73
3734	207368616d706f6f
3735	20706565
3736	20706c65
3737	206f626a656374
3738	206e657773706170
3739	206d6f6c65
3740	206c6162656c
3741	206a75696379
3742	2068616e646c65
3743	2068697070
3744	2064697374616e74
3745	20636f6c6c6172
3746	2062696b6573
3747	206165726f706c
3748	6b656570
3749	2076616c7561626c65
3750	20747261696c
3751	207377696e67696e67
3752	207374756d
3753	207061696e746572
3754	2070616c65
3755	207061636b6564
3756	206d6561646f77
3757	206c696d65
3758	20697473656c66
3759	20696e7365
3760	20696e6b
3761	206469736170706f696e746564
3762	20636f6d70617373696f6e617465
3763	2063616e646c65
3764	2062616773
3765	7572696e67
3766	69616e6f
3767	6173706f6f6e
3768	61636865
3769	21222e
3770	20796177
3771	207465617273
3772	2074656173706f6f6e
3773	207374616666
3774	207370656172
3775	207368656c746572
3776	2073617573
3777	20706f726368
3778	2067726f776c
3779	20636f7374756d65
3780	20636c696d62696e67
3781	2063656c657279
3782	2062726163656c6574
3783	20546f6279
3784	2050656f706c65
3785	204d756d
3786	626f6479
3787	6163686573
3788	2076696f6c
3789	2073796d
3790	2072696262
3791	20706170657273
3792	206e6574776f726b
3793	206d616e61676564
3794	2068616c6c
3795	2064657465726d696e6564
3796	2063617264626f617264
3797	2063757274
3798	206178
3799	75746573
3800	626f6c
3801	61666665
3802	2076696f6c696e
3803	207461736b
3804	2073796d626f6c
3805	20737061726b6c79
3806	20736b697274
3807	2073696c766572
3808	20727562626572
3809	207069616e6f
3810	20696e73656374
3811	2068657262
3812	20677261636566756c
3813	20676173706564
3814	206669736865726d616e
3815	20646973636f7665726564
3816	206375727461696e
3817	20636f6d7075746572
3818	20636f6d706c6574
3819	2063617365
3820	204f4b
3821	6f7279
3822	2073686f636b6564
3823	2073616c74
3824	20727562626564
3825	207069636b696e67
3826	206d696e75746573
3827	206c6967687473
3828	206b696e646e657373
3829	206275636b6c65
3830	2062656566
3831	20617865
3832	20617661696c
3833	204b696d
3834	75736961
3835	74696d65
3836	706172
3837	68747562
3838	6875736961
3839	657263
3840	2076656e64
3841	20746872656164
3842	20736166656c79
3843	2072697365
3844	207075727365
3845	2070756e
3846	2070696e65
3847	206e61696c
3848	206d6f64657374
3849	206d61747472657373
3850	206d7567
3851	20686f6f6b
3852	20676c6f7665
3853	20656e746875736961
3854	20656e636f75
3855	2064726976696e67
3856	20647261696e
3857	2062757279
3858	2062617468747562
3859	206261746865
3860	2062616e64616765
3861	20617474616368
3862	205465646479
3863	6c63616e
3864	6174656c79
3865	536565
3866	20766f6c63616e
3867	20737472657463686564
3868	20726f6c6c696e67
3869	20726962626f6e
3870	207175657374696f6e73
3871	2070726f76
3872	2070656e6775696e
3873	206f696c
3874	206e6577737061706572
3875	206d6564616c
3876	206c6965
3877	206c756d626572
3878	20696d70726f
3879	20686f757273
3880	2066697265776f726b
3881	20647265616d6564
3882	206469736170706561726564
3883	20636f7264
3884	20626c696e
3885	2062616e616e6173
3886	20617661696c61626c65
3887	20617267
3888	204a6f686e6e79
3889	2045766572797768657265
3890	7269676572
3891	726967657261746f72
3892	6c657661746f72
3893	6b6565706572
3894	63656564
3895	4c6974746c65
3896	4973
3897	2076656e646f72
3898	20746f6f7468
3899	2074686f7365
3900	2072657363
3901	20726566726967657261746f72
3902	20686970706f
3903	20656c657661746f72
3904	20646973617070656172
3905	2064657373
3906	206372616e65
3907	2047697665
3908	6973746f6c
3909	6661
3910	656479
3911	4d72
3912	20766f6c63616e6f
3913	2073757266
3914	20737461726564
3915	207365727665
3916	207365706172
3917	2070726574656e64696e67
3918	20706c617967726f756e64
3919	206f6674656e
3920	206f616b
3921	206d697373696c65
3922	206d6167617a
3923	206b6e6f636b
3924	20666c6f7572
3925	2066616c6c73
3926	206578657263
3927	2063757073
3928	20636f6c6f7572
3929	206361626c65
3930	206170726f6e
3931	206967
3932	6f6d65746572
3933	6c6f6f
3934	57656c6c
3935	20766964656f
3936	2073756363656564
3937	20706f6c697368
3938	20706973746f6c
3939	206f7267616e697a65
3940	206f6e696f6e
3941	206d6574616c
3942	2069676c6f6f
3943	2068616d6d6572
3944	2066726f6773
3945	20656e6a6f79696e67
3946	20627574746f6e73
3947	206165726f706c616e65
3948	2050657465
3949	75706572
3950	756e647279
3951	726d6f6d65746572
3952	706c6179
3953	616b6564
3954	616974
3955	4f756368
3956	20747261696e73
3957	2074756d6d79
3958	2073686f76656c
3959	20736b65
3960	206d616b657570
3961	206c61756e647279
3962	20646973706c6179
3963	7665727365
3964	737461697273
3965	6f636572
3966	6c65746f6e
3967	68696e6f636572
3968	64726f6265
3969	477261
3970	2077617264726f6265
3971	207377756e67
3972	2073756e736574
3973	20736e6170
3974	20736b656c65746f6e
3975	207265616c69736564
3976	20706972617465
3977	206f79
3978	206f6b
3979	206e75727365
3980	206d617468
3981	206a756e6b
3982	2068756e746572
3983	2068617465
3984	2067656172
3985	20676173
3986	2062726f7468657273
3987	20627269636b
3988	7567676564
3989	6c65766973696f6e
3990	6c61
3991	68696e6f6365726f73
3992	2077696e746572
3993	20756e69766572
3994	2074616c6c6572
3995	2073776565746965
3996	2073756767657374
3997	20736b756c6c
3998	207375706572
3999	207065616e7574
4000	20706f6e79
4001	206d656c74
4002	20666c616d65
4003	20666f75676874
4004	20636f6f6b696e67
4005	20636173746c6573
4006	206164646564
4007	204c6565
4008	756d62
4009	7265616479
4010	6f70746572
4011	697065
4012	696c6f74
4013	69636f70746572
4014	207572
4015	2074656c65766973696f6e
4016	20736f6661
4017	20726167
4018	20706173747279
4019	20696e73
4020	2068656c69636f70746572
4021	2067756d
4022	20647265616d696e67
4023	2064726177696e6773
4024	20616c7265616479
4025	2050697070696e
4026	204d756d6d79
4027	726963616e65
4028	61726f6f
4029	616e6761726f6f
4030	20736c69646573
4031	207365656d
4032	20726f6f74
4033	20726f74
4034	20726964
4035	207268696e6f6365726f73
4036	206f666665726564
4037	206d6179
4038	206b616e6761726f6f
4039	206875727279
4040	20666f6f7462616c6c
4041	20636861696e
4042	20626f6f6b736865
4043	73746963
4044	6f6d6564
4045	6e676572
4046	69756d
4047	416c
4048	2074726170
4049	20746865726d6f6d65746572
4050	2074686561746572
4051	20737769746368
4052	2073747564
4053	20737461697273
4054	206f6e6365
4055	206e6f74696365
4056	206d69786572
4057	2066617374657374
4058	2066616c6c696e67
4059	20656e74687573696173746963
4060	20626f6f6b7368656c66
4061	20616761696e7374
4062	205a6f6f6d79
4063	75726564
4064	66666963
4065	63696e67
4066	6174757265
4067	2077686970
4068	2077616c6c6574
4069	207374657073
4070	20736e65
4071	207368616b696e67
4072	207061746368
4073	207061636b616765
4074	206f70656e73
4075	206c6970
4076	206c656e64
4077	2064657373657274
4078	20636865727279
4079	20636865636b
4080	20636162696e6574
4081	726f7068
4082	63746f7279
4083	63656e7365
4084	57616974
4085	427965
4086	2077656570
4087	2074726f7068
4088	207370656c6c
4089	20706f6b65
4090	2070696e6368
4091	207065656b6564
4092	206e656174
4093	206d6167617a696e65
4094	206c6963656e7365
4095	206a6f6b6573
4096	2066696c6d
4097	20666163746f7279
4098	206261736b657462616c6c
4099	20536e6f77
4100	204269726479
4101	20426574
4102	206f77
4103	726f70686f6e65
4104	6b69
4105	696e6573
4106	616964
4107	20737461636b
4108	20736561726368696e67
4109	207072756e6573
4110	2070726576656e74
4111	206a756d7073
4112	206578706c61696e
4113	2064697374616e6365
4114	2063686173696e67
4115	2063756464
4116	20626c61636b626f617264
4117	2048657265
4118	2042757a7a79
4119	756265
4120	61706f6e
4121	5265
4122	20756e7061636b
4123	2074726f706879
4124	2074656c6c696e67
4125	2074756265
4126	20726573746f7265
4127	206d696e6572
4128	206b6e65
4129	2067617a
4130	20667265
4131	2066697665
4132	206578636974656d656e74
4133	206561726c79
4134	2063616c6c696e67
4135	2062656e74
4136	706c616365
4137	6c696573
4138	2077696e65
4139	2076657374
4140	20737175697272656c73
4141	20726f61726564
4142	2072656164696e67
4143	2070697065
4144	2070696c6f74
4145	206d656174
4146	206c61776e
4147	2069746368
4148	20626c696e6b6564
4149	2062696379
4150	206163636964656e74616c6c79
4151	20456c6c6965
4152	6375
4153	636f6d65
4154	4a696c6c
4155	2077697265
4156	207472617368
4157	2074656e
4158	207374756d626c6564
4159	2073746972726564
4160	20726577617264
4161	20706f70706564
4162	2070617373706f7274
4163	206d656d
4164	206c617779
4165	2068617070696572
4166	206578657263697365
4167	204d6172
4168	c5934c6574
4169	5368
4170	207665696c
4171	2070726573736564
4172	20706f707079
4173	206d6963726f70686f6e65
4174	206d617463686573
4175	206c656176696e67
4176	2068756d616e
4177	2068616e67696e67
4178	2068616e676572
4179	20667265657a
4180	2066697265706c616365
4181	206661766f7572
4182	2063756265
4183	2062696379636c65
4184	20616e79776179
4185	20506f6c6c79
4186	20506170
4187	204c6f6f6b
4188	204a6f
4189	2046726f
4190	7374616c
4191	6f6c61
4192	6e69676874
4193	616469756d
4194	207a6f6f6d6564
4195	20746970
4196	20737572707269736573
4197	207374616469756d
4198	2073636f6f746572
4199	207072616374696365
4200	206d75737461636865
4201	206d7573696369616e
4202	20686f6c6473
4203	2068656c706572
4204	20676f616c
4205	20676c6f77696e67
4206	2066696e67657273
4207	206661766f7572697465
4208	206372797374616c
4209	206361726473
4210	2062617468726f6265
4211	2062696c6c
4212	206168656164
4213	696e6174696f6e
4214	20776166666c65
4215	20756e697465
4216	20737469636b657273
4217	20736f6e
4218	2072657665727365
4219	20706c61796572
4220	207065726d
4221	206d617263686564
4222	206c697374656e696e67
4223	206c656d6f6e73
4224	20636f6d706c657465
4225	20626c6f757365
4226	20616c697665
4227	2061646d697265
4228	787967656e
4229	73746976
4230	73746976616c
4231	696f6e617279
4232	69657374
4233	696374696f6e617279
4234	69656e6365
4235	636b6579
4236	627261
4237	446964
4238	2764
4239	20747275636b73
4240	2074726166666963
4241	20737461626c65
4242	20737562
4243	206f617473
4244	20686f636b6579
4245	20666573746976616c
4246	2063656c6c
4247	206261726b696e67
4248	616e6775
4249	61756c
4250	20737562776179
4251	2073746f6d
4252	2073706f6b65
4253	20736e65657a65
4254	207368656574
4255	207065656b
4256	206f7973746572
4257	206d6f6e6b657973
4258	20696e76697465
4259	206772617065
4260	206772696c6c
4261	20666f7267617665
4262	20656e6572
4263	2064696374696f6e617279
4264	2063686f7365
4265	205a6970
4266	204a617a7a
4267	75656c
4268	72696e
4269	6e6573646179
4270	65646e6573646179
4271	65627261
4272	617269616e
4273	616b79
4274	20746f696c65
4275	20736c6170
4276	2073617573616765
4277	207265737065637466756c
4278	2070616765
4279	206e6174757265
4280	206c65616b
4281	206c6177796572
4282	206c616e6775
4283	20696d70726f7665
4284	20666c6f6f64
4285	206469736167
4286	20436c
4287	73747269
4288	696d6e6579
4289	6368616e
4290	6368616972
4291	4f77
4292	2077697065
4293	20776561706f6e
4294	2074696768746c79
4295	2073697a65
4296	2073656e74
4297	2070726f626c656d73
4298	20706c6561736564
4299	20706564
4300	206e6f76656c
4301	2067697261666665
4302	20667265657a6572
4303	20646f6f7273
4304	20636972636c6573
4305	206368696d6e6579
4306	2063616d70
4307	20617274
4308	20616363657074
4309	205275
4310	756d6d6572
4311	726f64
4312	72656e646572
4313	6c656e64
4314	6c6964
4315	66617374
4316	656d656e74
4317	616d626572
4318	4a696d6d79
4319	456d
4320	207a65627261
4321	20796f6761
4322	2073706f7274
4323	20706c616e6574
4324	206f73747269
4325	206e617679
4326	206d756d6d79
4327	206d656e
4328	20687574
4329	20636f6d666f7274
4330	20636c696666
4331	20616476
4332	204265747479
4333	2042696e6b79
4334	2059
4335	7761726473
4336	726573
4337	6c69646179
4338	6963686573
4339	6865726f
4340	63617365
4341	626f6f6b
4342	4a6f65
4343	2074776972
4344	20746f696c6574
4345	2073757065726865726f
4346	207374726970
4347	20737472756767
4348	20736e6966666564
4349	20736c6970
4350	2073616e64776963686573
4351	206e6f7465626f6f6b
4352	206d697374616b6573
4353	206d696e757465
4354	20696e74726f64
4355	20696e637265
4356	20686f6c69646179
4357	206368616d626572
4358	20616972706f7274
4359	20536f70686965
4360	20466f
4361	20426967
4362	2056
4363	79656172
4364	6c6f77
4365	61727279
4366	207761726e
4367	207472616465
4368	20746f726e61646f
4369	2073706f696c
4370	20707261796564
4371	2070616e6963
4372	206c616e6775616765
4373	20686f6c6573
4374	2068616e646564
4375	20666f7274
4376	2066696c65
4377	2064656c6179
4378	20636c617373726f6f6d
4379	20627265616b66617374
4380	2062696c6c626f617264
4381	2061726d6368616972
4382	206167726565
4383	205a6f6f6d
4384	6368616e6963
4385	616e6461
4386	20746f6d61746f6573
4387	2073746f7073
4388	2073616e64626f78
4389	2073756464656e
4390	20726573697374
4391	2072656d61696e
4392	207261696c
4393	2070726f75646c79
4394	20706f696e74
4395	2070616972
4396	206d696e6572616c
4397	206d656f776564
4398	206d656368616e6963
4399	206b696e6473
4400	20687572726963616e65
4401	2067726f77696e67
4402	2066696e6473
4403	20646f65736e
4404	20636172746f6f6e
4405	20637572
4406	20626c75656265727279
4407	2062656c6f6e6773
4408	206265727279
4409	20616c6c6f776564
4410	20616476696365
4411	2061626f7665
4412	2054696e61
4413	2050617061
4414	204f77
4415	c593596573
4416	c5934974
4417	6c656e646172
4418	68657374
4419	65726f
4420	2077696e646f7773
4421	2072656d696e646564
4422	2072656675736564
4423	206f62736572
4424	206c6f6f70
4425	206772616273
4426	20656e65726779
4427	2063726f73736564
4428	206361727279696e67
4429	20636172696e67
4430	2063616c656e646172
4431	205765646e6573646179
4432	20537061726b
4433	204d7273
4434	20426573736965
4435	e282ace280
4436	c59354686174
4437	656d656d626572
4438	636572
4439	617a6f72
4440	61726c6965
4441	4d617279
4442	207368616b6573
4443	2072756c6573
4444	2072617a6f72
4445	20726163
4446	206c65616e6564
4447	20696d6167696e65
4448	20636f7773
4449	20467265646479
4450	6e616c
4451	6c6175
4452	6c617564
4453	696769
4454	676965
4455	596f7572
4456	20726573637565
4457	20707573686573
4458	207072696365
4459	206f737472696368
4460	206a6f75726e616c
4461	2066726f776e6564
4462	20667265657a65
4463	20666c696573
4464	2064617265
4465	20636f70706572
4466	2062656570
4467	20426f77
4468	6f726573
4469	6f726765
4470	6c75
4471	696d6564
4472	656361757365
4473	656f726765
4474	4461697379
4475	207365706172617465
4476	207361646c79
4477	20726567726574
4478	207261697365
4479	20727573686564
4480	20706f6b6564
4481	206865646765
4482	20657874
4483	20636f756e747279
4484	206365696c696e67
4485	20616e797768657265
4486	20426f756e
4487	20416c696365
4488	20417265
4489	75736965
4490	6e6f6f6e
4491	6e61
4492	69736f6e
4493	20747261636b
4494	2073746f6d616368
4495	20736f66746c79
4496	20736176696e67
4497	2070756c6c73
4498	20707564646c6573
4499	206f787967656e
4500	206d696e74
4501	206b6e65656c
4502	206576656e74
4503	20646973686573
4504	20627265616b73
4505	206272656174
4506	2062656c6965766564
4507	2061667465726e6f6f6e
4508	7465
4509	697070657279
4510	696e617269616e
4511	65746572696e617269616e
4512	617572616e74
4513	6173746963
4514	596179
4515	207969656c64
4516	207761726e6564
4517	207472656d
4518	207465617365
4519	2073757272656e646572
4520	20726f6f6d73
4521	2072696365
4522	2072657374617572616e74
4523	207069746368
4524	206865616473
4525	206272696768746c79
4526	2062656574
4527	20526f
4528	204e657874
4529	204d65
4530	c5934c6574c3a2
4531	766574
4532	68746572
4533	656c636f6d65
4534	636f6c69
4535	63636f6c69
4536	61736f6e
4537	57696c6c
4538	20747562
4539	20736c697070657279
4540	2072656d6f7665
4541	206d7973656c66
4542	206d656173
4543	206c61756768746572
4544	206c6964
4545	20696e636c75
4546	206761696e
4547	206578747261
4548	2064656c696768746564
4549	2063616e65
4550	20627574746572666c696573
4551	206172677565
4552	205768657265
4553	204772616e647061
4554	20456c6c79
4555	2078
4556	756374757265
4557	696b69
4558	656572
4559	6167676965
4560	207665746572696e617269616e
4561	20746f6f6c73
4562	207377616d70
4563	20737472756374757265
4564	20736574746c65
4565	2072657665
4566	2072656365
4567	206e616d6573
4568	206e6174696f6e
4569	206d61696c6d616e
4570	206b656570696e67
4571	206665656c696e6773
4572	20657863697465646c79
4573	2064616e636572
4574	20636f7572616765
4575	20636861697273
4576	206170706c617564
4577	206177
4578	2053616e6479
4579	20436f
4580	73636f7065
4581	726f73636f7065
4582	6c6578
4583	6563746564
4584	6179616b
4585	2077726974696e67
4586	20746178
4587	20737472617762657272696573
4588	20737469636b6572
4589	20736b696c6c
4590	2073686f6e65
4591	2073756d6d6572
4592	2072657665616c
4593	207261696e6564
4594	207175697a
4595	207061676573
4596	206f6c697665
4597	206d797374657279
4598	206d656574696e67
4599	206c696f6e73
4600	206c657474657273
4601	206c657474696e67
4602	206b6179616b
4603	2069676e6f7265
4604	2067726f
4605	20666c6f6174
4606	20666978696e67
4607	20636f6c6f757266756c
4608	2063686f726573
4609	2062756d706564
4610	20626f6f7473
4611	20626f6f6b63617365
4612	20626565746c65
4613	204f72
4614	20476f64
4615	204361726c
4616	696e64656572
4617	617070696e67
4618	207468726f7773
4619	2074617869
4620	20737567676573746564
4621	20737461727473
4622	207265696e64656572
4623	2070726570617265
4624	206d656e74696f6e
4625	206672657368
4626	20626c6f77696e67
4627	2062656c6f77
4628	20576f756c64
4629	205375
4630	6f6c6f67
4631	6b79
4632	4e657874
4633	4d61726b
4634	20746f7572
4635	20736f6d657768657265
4636	20736f636b73
4637	2073756666
4638	207265706c616365
4639	206d657373616765
4640	206c656d6f6e616465
4641	206675656c
4642	206261726b73
4643	2061706f6c6f67
4644	20556e646572
4645	204f6c697665
4646	2047696769
4647	2044616e
4648	6f676e
4649	6967676c79
4650	63757373
4651	616c6c6579
4652	4368
4653	207761737465
4654	20737479
4655	207374616972
4656	20736f756e646564
4657	2073686f757473
4658	20736361747465726564
4659	207265636f676e
4660	2070757368696e67
4661	2070726f76696465
4662	20706c6173746963
4663	206e6f626f6479
4664	206a61696c
4665	2064697363757373
4666	20636f6e74656e74
4667	2063686f696365
4668	205061756c
4669	204c6f6c61
4670	756767616765
4671	697070696e67
4672	2077656174686572
4673	2076616c6c6579
4674	207468616e6b73
4675	20736e65657a6564
4676	20736d656c6c73
4677	2073686f776572
4678	2073696768
4679	2070757a7a6c6573
4680	2070657266756d65
4681	206d697373696e67
4682	206c696768746e696e67
4683	206c69766573
4684	206a6f67676564
4685	20686f70696e67
4686	2068656174
4687	20656e746572
4688	20636f617473
4689	204973
4690	c59357686174
4691	75746f72
4692	73697479
4693	69746174696f6e
4694	676779
4695	207475746f72
4696	2073717565657a65
4697	2073686f756c646572
4698	206f6c646572
4699	206c756767616765
4700	2069676e6f726564
4701	2064656d
4702	20636865776564
4703	2062726f63636f6c69
4704	20436865
4705	7461696e
4706	69666f726d
4707	6865617274
4708	6861707079
4709	65726174696f6e
4710	616e676573
4711	616e61
4712	5265616479
4713	5175
4714	4275646479
4715	416e6e
4716	222c
4717	20776569676874
4718	20756e69666f726d
4719	207468756d62
4720	20737570706c79
4721	20737465616d
4722	2073706c617368696e67
4723	20736e61696c
4724	20736869766572696e67
4725	20726570656174
4726	2070756e697368
4727	207072696e746564
4728	20706f69736f6e
4729	20706574616c73
4730	2070616e6461
4731	206d6963726f73636f7065
4732	20696e736973746564
4733	20696d6167696e6564
4734	2068617070656e73
4735	206772616e64
4736	20666f6c6c6f77696e67
4737	2064656172
4738	20636869636b656e73
4739	20636865656b
4740	206361726564
4741	206275726e6564
4742	206272696768746572
4743	204576656e7475616c6c79
4744	6c6f6f6b
4745	617269
4746	2076616e6973686564
4747	20756e6861707079
4748	207468726f77696e67
4749	2073776565746865617274
4750	20736577
4751	207061727473
4752	2068656e
4753	20676967676c65
4754	20656e646564
4755	20657175
4756	2062656e64
4757	204b696b69
4758	20456e64
4759	200d0a
4760	6f7474656e
4761	6e6365
4762	6874726179
4763	63617374
4764	61636174696f6e
4765	5975636b
4766	4461646479
4767	207961776e6564
4768	207661636174696f6e
4769	2073706f7473
4770	20736f696c
4771	207368727567676564
4772	2073616e6463617374
4773	20706c616e6573
4774	20706c61636564
4775	206d6172626c65
4776	206772616e74
4777	206576656e696e67
4778	20656174656e
4779	2064657374726f796564
4780	206368697270
4781	20627572696564
4782	206265616e73
4783	20556e
4784	2048617665
4785	6c6f6f6b696e67
4786	57656c636f6d65
4787	4e6f74
4788	4265666f7265
4789	2077686973746c6564
4790	207570737461697273
4791	20747261636b73
4792	2072757368
4793	2070616964
4794	20696d70726573736564
4795	2068756e67
4796	2068696c6c73
4797	20657870656374
4798	20636865636b6564
4799	206368616e6365
4800	20626567
4801	206261646c79
4802	2061736874726179
4803	20536d
4804	20466c
4805	72656469656e74
4806	69706d656e74
4807	696e6772656469656e74
4808	657665
4809	61736973
4810	2077686973706572
4811	2073707261796564
4812	20736f7274696e67
4813	207368696e6564
4814	20726964696e67
4815	207072696e7473
4816	206f7065726174696f6e
4817	206f70657261
4818	206f61736973
4819	206578706572
4820	2065717569706d656e74
4821	20646565706572
4822	20636c6177
4823	2062616b696e67
4824	205768656e65766572
4825	2048656c70
4826	20486f707079
4827	20696e6772656469656e74
4828	75636b6564
4829	7269616765
4830	6c61696d6564
4831	697a6573
4832	69646573
4833	656374757265
4834	6174696f6e73
4835	61636b6564
4836	207a69677a6167
4837	2076726f6f6d
4838	207472656d626c65
4839	207374796c65
4840	2073636f7265
4841	20736972
4842	2072616e6368
4843	20706f7274
4844	206d617373
4845	206c656374757265
4846	20686f706573
4847	206578636c61696d6564
4848	20656e7465726564
4849	206461697379
4850	206361707461696e
4851	20626f756e63696e67
4852	206265617273
4853	205375736965
4854	204c697a7a79
4855	2046696e6e79
4856	697474656e73
4857	686f6f64
4858	686963
4859	656369616c6c79
4860	636f6e64
4861	2077616773
4862	2077696767
4863	207665686963
4864	20746f6e67
4865	20737469636b79
4866	20737465656c
4867	207365617473
4868	207365636f6e64
4869	20736561736f6e
4870	2073636f6c64
4871	2064656d616e64
4872	20616c6c6f77
4873	205072696e
4874	7765656e
4875	7661
4876	756374
4877	756573646179
4878	7370656369616c6c79
4879	6f6d6d
4880	6f6d6d656e64
4881	696e6365
4882	676573
4883	61726e74
4884	4772616e646d61
4885	2073616e64636173746c65
4886	207265636f6d6d656e64
4887	207072756e65
4888	206c6561726e74
4889	20696e74726f64756365
4890	20696e6772656469656e7473
4891	20696e637265617365
4892	2063757474696e67
4893	2063616b6573
4894	206265747765656e
4895	2054756573646179
4896	2049c3a2
4897	2044617665
4898	69707079
4899	416c6c
4900	2077617368696e67
4901	20746f6e677565
4902	207361696c696e67
4903	207065726d6974
4904	20707570
4905	206d61727269616765
4906	206d616c6c
4907	206c75636b
4908	20696e7669746174696f6e
4909	206578706c6f726564
4910	20657370656369616c6c79
4911	20646f6ec3a2
4912	206170617274
4913	204d696b65
4914	204772616365
4915	20436861726c6965
4916	7269676874
4917	7175657374
4918	696e6b696e67
4919	656374696e67
4920	6566
4921	646f
4922	576f6f66
4923	42656361757365
4924	207a65726f
4925	207975636b79
4926	207761726e696e67
4927	2074727573746564
4928	207465616368696e67
4929	2074696465
4930	20737472696b65
4931	20737061726b6c6564
4932	20736c6170706564
4933	2073636f6f70
4934	2072656163686573
4935	20706f696e7473
4936	207065616e757473
4937	2068696768657374
4938	20666f6c646564
4939	2064726f7073
4940	20646966666572656e6365
4941	20636f756e746572
4942	20636c617070696e67
4943	20626f74686572
4944	20576967676c79
4945	2053717565
4946	2052756279
4947	204c696c6c79
4948	2046696e6e
4949	75726e6974
4950	75726e6974757265
4951	6879
4952	42656c6c61
4953	2e2e
4954	20756e6976657273697479
4955	20737472656e67
4956	207370696b65
4957	207370616465
4958	20736f63
4959	20726163696e67
4960	206f72616e676573
4961	20696d616765
4962	2066616c6c656e
4963	206675726e6974757265
4964	206578616d696e65
4965	20656173696c79
4966	2065616765726c79
4967	20637265656b
4968	2062616c616e
4969	206174746163686564
4970	2046726f676779
4971	20416c6578
4972	75727072697365
4973	7374657273
4974	7261676564
4975	72696e67
4976	5468657365
4977	416c696365
4978	20776176696e67
4979	2073747564696564
4980	207374617274696e67
4981	20736f63636572
4982	2073686f706b6565706572
4983	2072657175657374
4984	20726f77
4985	207175697465
4986	2070656163686573
4987	206f627365727665
4988	206d6f766573
4989	20677265656479
4990	20666972656d616e
4991	206469646ec3a2
4992	20637562
4993	20636c696d6273
4994	20636c617773
4995	2061646d69726564
4996	2057686f
4997	2052656d656d626572
4998	2050656e6e79
4999	204d697474656e73
5000	2041626279
